400	578	3	75	29924.0	6.788927335640138	0.021050214767456055
400	578	3	90	29658.0	6.750865051903114	0.020910024642944336
400	578	3	112	30994.0	6.782006920415225	0.020826339721679688
400	578	3	67	29257.0	6.686851211072664	0.021054506301879883
400	578	3	38	29446.0	6.671280276816609	0.020418643951416016
400	578	3	143	30385.0	6.870242214532872	0.0220792293548584
400	578	3	190	31777.0	6.92560553633218	0.021251678466796875
400	578	3	136	29587.0	6.693771626297578	0.021667003631591797
400	578	3	65	29754.0	6.7612456747404845	0.021435260772705078
400	578	3	35	29262.0	6.681660899653979	0.021077632904052734
400	578	3	153	30039.0	6.742214532871972	0.02161383628845215
400	578	3	146	28888.0	6.674740484429066	0.021229982376098633
400	578	3	182	30084.0	6.740484429065744	0.021200895309448242
400	578	3	155	30871.0	6.794117647058823	0.021763086318969727
400	578	3	196	31467.0	6.807958477508651	0.020990371704101562
400	578	3	34	30185.0	6.762975778546712	0.021796226501464844
400	578	3	77	30312.0	6.778546712802768	0.02062201499938965
400	578	3	194	29048.0	6.719723183391004	0.020829439163208008
400	578	3	160	27702.0	6.553633217993079	0.021013498306274414
400	578	3	80	29427.0	6.6211072664359865	0.020615339279174805
400	578	3	167	30588.0	6.86159169550173	0.021614551544189453
400	578	3	195	30694.0	6.868512110726644	0.02116990089416504
400	578	3	51	29192.0	6.685121107266436	0.021439075469970703
400	578	3	191	31070.0	6.813148788927336	0.02096843719482422
400	578	3	103	29446.0	6.719723183391004	0.022408246994018555
400	578	3	140	30044.0	6.795847750865052	0.021980762481689453
400	578	3	179	29687.0	6.66955017301038	0.020982980728149414
400	578	3	131	29446.0	6.719723183391004	0.021725893020629883
400	578	3	41	29646.0	6.72318339100346	0.0208280086517334
400	578	3	55	30481.0	6.849480968858131	0.02140355110168457
400	578	3	13	28757.0	6.624567474048443	0.0205075740814209
400	578	3	70	31196.0	6.826989619377162	0.02135777473449707
400	578	3	97	30515.0	6.814878892733564	0.02113795280456543
400	578	3	27	30596.0	6.802768166089965	0.021053075790405273
400	578	3	18	29783.0	6.7145328719723185	0.020786046981811523
400	578	3	64	29264.0	6.719723183391004	0.02135634422302246
400	578	3	192	30890.0	6.809688581314879	0.02101302146911621
400	578	3	114	30077.0	6.849480968858131	0.020955801010131836
400	578	3	150	29346.0	6.70242214532872	0.02132415771484375
400	578	3	174	30685.0	6.835640138408304	0.02142953872680664
400	578	3	110	29863.0	6.717993079584775	0.020936250686645508
400	578	3	91	30415.0	6.794117647058823	0.020848512649536133
400	578	3	96	30547.0	6.7387543252595155	0.020146846771240234
400	578	3	101	30025.0	6.769896193771626	0.022385835647583008
400	578	3	175	31608.0	6.899653979238754	0.021061182022094727
400	578	3	82	29040.0	6.643598615916955	0.020751476287841797
400	578	3	33	28696.0	6.629757785467128	0.02092909812927246
400	578	3	49	29793.0	6.728373702422146	0.02158355712890625
400	578	3	20	30389.0	6.811418685121107	0.0213775634765625
400	578	3	30	29823.0	6.690311418685121	0.021373987197875977
400	578	3	36	32296.0	6.948096885813149	0.02320718765258789
400	578	3	12	28932.0	6.695501730103806	0.020572423934936523
400	578	3	99	29628.0	6.747404844290657	0.021370887756347656
400	578	3	69	30313.0	6.700692041522491	0.02105998992919922
400	578	3	11	31576.0	6.9342560553633215	0.021262645721435547
400	578	3	161	30080.0	6.747404844290657	0.02033543586730957
400	578	3	199	30753.0	6.835640138408304	0.0211489200592041
400	578	3	111	31263.0	6.859861591695502	0.021211862564086914
400	578	3	47	28485.0	6.617647058823529	0.02041482925415039
400	578	3	95	30975.0	6.790657439446367	0.021138906478881836
400	578	3	184	29223.0	6.676470588235294	0.021029233932495117
400	578	3	197	31158.0	6.806228373702422	0.020747900009155273
400	578	3	22	29491.0	6.66955017301038	0.020377635955810547
400	578	3	57	31316.0	6.8788927335640135	0.021495819091796875
400	578	3	98	31382.0	6.892733564013841	0.02114081382751465
400	578	3	126	28256.0	6.612456747404845	0.022011995315551758
400	578	3	31	29767.0	6.780276816608996	0.0211484432220459
400	578	3	2	30466.0	6.837370242214533	0.021328449249267578
400	578	3	172	30665.0	6.79757785467128	0.02125859260559082
400	578	3	178	28956.0	6.671280276816609	0.02115607261657715
400	578	3	147	30591.0	6.804498269896194	0.021216869354248047
400	578	3	73	30557.0	6.742214532871972	0.0205991268157959
400	578	3	52	29933.0	6.804498269896194	0.021251440048217773
400	578	3	71	29951.0	6.76643598615917	0.021233320236206055
400	578	3	173	29577.0	6.679930795847751	0.02102208137512207
400	578	3	162	30044.0	6.743944636678201	0.02085709571838379
400	578	3	157	30189.0	6.7456747404844295	0.02338552474975586
400	578	3	109	31050.0	6.8477508650519034	0.021296262741088867
400	578	3	42	29580.0	6.72318339100346	0.020589351654052734
400	578	3	14	29934.0	6.705882352941177	0.0203402042388916
400	578	3	186	31515.0	6.93598615916955	0.022098779678344727
400	578	3	24	29926.0	6.771626297577854	0.020801544189453125
400	578	3	56	31712.0	6.858131487889273	0.021145343780517578
400	578	3	40	30584.0	6.771626297577854	0.021046876907348633
400	578	3	0	30285.0	6.7387543252595155	0.02369856834411621
400	578	3	76	29945.0	6.76643598615917	0.021369218826293945
400	578	3	134	31071.0	6.756055363321799	0.021654367446899414
400	578	3	92	30002.0	6.750865051903114	0.020821332931518555
400	578	3	3	28741.0	6.614186851211072	0.020617961883544922
400	578	3	115	28913.0	6.607266435986159	0.020389795303344727
400	578	3	148	29860.0	6.73356401384083	0.02157115936279297
400	578	3	198	28947.0	6.6211072664359865	0.020322322845458984
400	578	3	39	33406.0	6.968858131487889	0.02131032943725586
400	578	3	63	28858.0	6.685121107266436	0.02026057243347168
400	578	3	1	29361.0	6.6280276816609	0.02122783660888672
400	578	3	138	28797.0	6.63840830449827	0.020680665969848633
400	578	3	149	30696.0	6.809688581314879	0.021442651748657227
400	578	3	87	30350.0	6.8166089965397925	0.021068096160888672
400	578	3	176	30881.0	6.78719723183391	0.021015644073486328
400	578	3	158	30023.0	6.825259515570934	0.021876096725463867
400	578	3	177	30981.0	6.814878892733564	0.021037578582763672
400	578	3	68	29906.0	6.698961937716263	0.021168231964111328
400	578	3	193	29965.0	6.790657439446367	0.020673274993896484
400	578	3	4	30572.0	6.802768166089965	0.021570205688476562
400	578	3	78	29831.0	6.794117647058823	0.020831584930419922
400	578	3	113	30411.0	6.804498269896194	0.020970821380615234
400	578	3	93	30711.0	6.859861591695502	0.021122455596923828
400	578	3	32	29958.0	6.750865051903114	0.021596670150756836
400	578	3	72	29162.0	6.657439446366782	0.02031874656677246
400	578	3	107	29182.0	6.73356401384083	0.02057957649230957
400	578	3	50	28623.0	6.6522491349480966	0.021019935607910156
400	578	3	120	28996.0	6.653979238754325	0.02228713035583496
400	578	3	132	28973.0	6.673010380622838	0.02193593978881836
400	578	3	83	29336.0	6.73356401384083	0.021130084991455078
400	578	3	156	29973.0	6.704152249134948	0.02108144760131836
400	578	3	48	29872.0	6.757785467128028	0.021685361862182617
400	578	3	129	29375.0	6.742214532871972	0.022417783737182617
400	578	3	60	29187.0	6.614186851211072	0.020076990127563477
400	578	3	141	30316.0	6.743944636678201	0.021362781524658203
400	578	3	6	30092.0	6.716262975778546	0.02061748504638672
400	578	3	102	32249.0	6.942906574394463	0.021802663803100586
400	578	3	66	30821.0	6.821799307958478	0.021403074264526367
400	578	3	168	30931.0	6.769896193771626	0.020993947982788086
400	578	3	142	30520.0	6.775086505190312	0.02233600616455078
400	578	3	59	30415.0	6.780276816608996	0.02084040641784668
400	578	3	121	29364.0	6.653979238754325	0.020816802978515625
400	578	3	44	29667.0	6.794117647058823	0.021231889724731445
400	578	3	122	30539.0	6.807958477508651	0.02156829833984375
400	578	3	170	29437.0	6.717993079584775	0.020992517471313477
400	578	3	154	29596.0	6.7612456747404845	0.021250486373901367
400	578	3	152	28959.0	6.655709342560554	0.02090597152709961
400	578	3	7	30171.0	6.866782006920415	0.021164417266845703
400	578	3	17	30303.0	6.76643598615917	0.020900726318359375
400	578	3	106	30156.0	6.795847750865052	0.021417856216430664
400	578	3	123	29971.0	6.66955017301038	0.021207094192504883
400	578	3	16	30288.0	6.813148788927336	0.021042823791503906
400	578	3	181	28262.0	6.608996539792387	0.02098369598388672
400	578	3	58	30075.0	6.790657439446367	0.020938396453857422
400	578	3	81	30770.0	6.764705882352941	0.021013259887695312
400	578	3	163	30159.0	6.849480968858131	0.02105116844177246
400	578	3	19	30898.0	6.775086505190312	0.02093648910522461
400	578	3	84	31821.0	6.908304498269896	0.021605968475341797
400	578	3	166	28295.0	6.596885813148789	0.020594358444213867
400	578	3	5	30904.0	6.788927335640138	0.021033763885498047
400	578	3	61	30538.0	6.782006920415225	0.021160602569580078
400	578	3	185	30254.0	6.799307958477509	0.021335840225219727
400	578	3	144	30590.0	6.73356401384083	0.021091699600219727
400	578	3	94	29177.0	6.690311418685121	0.020762920379638672
400	578	3	180	30242.0	6.820069204152249	0.021724224090576172
400	578	3	116	29523.0	6.704152249134948	0.020865678787231445
400	578	3	21	29410.0	6.705882352941177	0.020336389541625977
400	578	3	8	30667.0	6.804498269896194	0.020534992218017578
400	578	3	100	30981.0	6.821799307958478	0.02167797088623047
400	578	3	130	30639.0	6.811418685121107	0.02354598045349121
400	578	3	43	30606.0	6.757785467128028	0.02044200897216797
400	578	3	183	30381.0	6.77681660899654	0.020979881286621094
400	578	3	133	30104.0	6.685121107266436	0.020632266998291016
400	578	3	159	30406.0	6.844290657439446	0.021865129470825195
400	578	3	45	29289.0	6.759515570934256	0.021148204803466797
400	578	3	165	29033.0	6.721453287197232	0.021167278289794922
400	578	3	164	31129.0	6.911764705882353	0.022505998611450195
400	578	3	145	30713.0	6.856401384083045	0.02214980125427246
400	578	3	137	30243.0	6.7145328719723185	0.021479368209838867
400	578	3	53	31561.0	6.92560553633218	0.021993160247802734
400	578	3	119	29197.0	6.6833910034602075	0.021039724349975586
400	578	3	117	30901.0	6.842560553633218	0.023748159408569336
400	578	3	171	29266.0	6.71280276816609	0.020806550979614258
400	578	3	9	29789.0	6.814878892733564	0.02078843116760254
400	578	3	37	31357.0	6.828719723183391	0.020844459533691406
