400	578	3	65	27641.0	6.839100346020762	 167.0223789215088 
400	578	3	136	27264.0	6.771626297577854	 181.77189207077026 
400	578	3	35	27102.0	6.7543252595155705	 80.24863409996033 
400	578	3	143	28432.0	6.939446366782007	 217.40372443199158 
400	578	3	146	26827.0	6.7387543252595155	 61.092079162597656 
400	578	3	75	28061.0	6.880622837370242	 501.5159430503845 
400	578	3	90	27582.0	6.833910034602076	 438.41077995300293 
400	578	3	160	25937.0	6.6280276816609	 21.39803123474121 
400	578	3	153	27614.0	6.83044982698962	 141.39171409606934 
400	578	3	190	29068.0	7.017301038062284	 300.86756563186646 
400	578	3	80	26696.0	6.716262975778546	 78.05996799468994 
400	578	3	112	28193.0	6.885813148788928	 501.25234842300415 
400	578	3	167	28448.0	6.944636678200692	 94.27889013290405 
400	578	3	196	28319.0	6.922145328719723	 190.4846546649933 
400	578	3	67	27073.0	6.76643598615917	 511.1440999507904 
400	578	3	38	26936.0	6.757785467128028	 514.7815506458282 
400	578	3	27	28200.0	6.899653979238754	 47.42642641067505 
400	578	3	97	28180.0	6.889273356401384	 85.66944599151611 
400	578	3	174	28309.0	6.92560553633218	 42.68446445465088 
400	578	3	150	27147.0	6.77681660899654	 45.76549410820007 
400	578	3	175	28904.0	6.986159169550173	 17.58014750480652 
400	578	3	110	27575.0	6.811418685121107	 52.377663373947144 
400	578	3	191	28277.0	6.911764705882353	 191.50266313552856 
400	578	3	103	27309.0	6.804498269896194	 193.85348773002625 
400	578	3	34	27481.0	6.842560553633218	 333.8501923084259 
400	578	3	41	27198.0	6.7923875432525955	 155.21440148353577 
400	578	3	194	27226.0	6.799307958477509	 283.04047656059265 
400	578	3	64	27208.0	6.806228373702422	 126.49613094329834 
400	578	3	99	27595.0	6.825259515570934	 22.184183597564697 
400	578	3	20	28133.0	6.884083044982699	 75.54623746871948 
400	578	3	179	27081.0	6.76643598615917	 231.05740213394165 
400	578	3	114	28044.0	6.892733564013841	 154.76729607582092 
400	578	3	12	26971.0	6.773356401384083	 111.92781925201416 
400	578	3	195	28548.0	6.937716262975779	 345.99651551246643 
400	578	3	182	27895.0	6.839100346020762	 517.4168090820312 
400	578	3	155	28105.0	6.904844290657439	 518.9816431999207 
400	578	3	69	27423.0	6.807958477508651	 129.00733971595764 
400	578	3	11	29198.0	7.02076124567474	 137.8239450454712 
400	578	3	18	27437.0	6.811418685121107	 301.003543138504 
400	578	3	199	28321.0	6.93598615916955	 148.85949397087097 
400	578	3	2	28263.0	6.929065743944637	 76.71202540397644 
400	578	3	77	27780.0	6.85121107266436	 500.3587372303009 
400	578	3	197	28556.0	6.920415224913495	 129.4686861038208 
400	578	3	111	28744.0	6.951557093425605	 163.49274396896362 
400	578	3	173	27185.0	6.790657439446367	 47.98984980583191 
400	578	3	30	27254.0	6.782006920415225	 234.34808039665222 
400	578	3	33	26752.0	6.709342560553633	 262.76161551475525 
400	578	3	161	28057.0	6.856401384083045	 199.05368614196777 
400	578	3	24	27842.0	6.865051903114187	 50.33920764923096 
400	578	3	36	29330.0	7.038062283737024	 276.99159049987793 
400	578	3	134	27949.0	6.866782006920415	 49.214906215667725 
400	578	3	51	26977.0	6.762975778546712	 512.5047590732574 
400	578	3	49	27452.0	6.813148788927336	 332.4328842163086 
400	578	3	184	27152.0	6.771626297577854	 219.12475657463074 
400	578	3	186	29228.0	7.003460207612457	 84.56595802307129 
400	578	3	157	27681.0	6.835640138408304	 114.52835607528687 
400	578	3	40	28055.0	6.866782006920415	 90.63614249229431 
400	578	3	140	27919.0	6.884083044982699	 520.192004442215 
400	578	3	14	27507.0	6.807958477508651	 130.88579177856445 
400	578	3	55	28229.0	6.923875432525952	 455.5723648071289 
400	578	3	131	27230.0	6.7923875432525955	 519.655074596405 
400	578	3	126	26219.0	6.679930795847751	 231.22813153266907 
400	578	3	176	28015.0	6.870242214532872	 24.655752658843994 
400	578	3	73	27997.0	6.856401384083045	 214.7352180480957 
400	578	3	13	26918.0	6.709342560553633	 504.4249243736267 
400	578	3	71	27853.0	6.839100346020762	 213.4764277935028 
400	578	3	31	27735.0	6.856401384083045	 261.44972586631775 
400	578	3	70	28311.0	6.922145328719723	 509.84338784217834 
400	578	3	138	26762.0	6.716262975778546	 86.46588659286499 
400	578	3	178	26988.0	6.726643598615917	 257.83744859695435 
400	578	3	96	27704.0	6.85121107266436	 458.360515832901 
400	578	3	3	26477.0	6.697231833910035	 130.27428317070007 
400	578	3	192	28032.0	6.896193771626297	 502.2709848880768 
400	578	3	87	28096.0	6.903114186851211	 72.06137704849243 
400	578	3	76	27637.0	6.835640138408304	 167.87711763381958 
400	578	3	82	26654.0	6.72318339100346	 459.68425035476685 
400	578	3	158	28074.0	6.892733564013841	 81.61885523796082 
400	578	3	91	28004.0	6.889273356401384	 502.30823040008545 
400	578	3	98	28708.0	6.958477508650519	 322.9779567718506 
400	578	3	68	27190.0	6.7854671280276815	 104.88949251174927 
400	578	3	101	27569.0	6.8321799307958475	 510.86091208457947 
400	578	3	115	26562.0	6.70242214532872	 210.6951038837433 
400	578	3	172	28279.0	6.884083044982699	 342.7387909889221 
400	578	3	39	29771.0	7.095155709342561	 199.59709906578064 
400	578	3	132	26660.0	6.743944636678201	 109.25105285644531 
400	578	3	129	27561.0	6.79757785467128	 75.3677830696106 
400	578	3	147	28291.0	6.891003460207613	 386.9320480823517 
400	578	3	193	27764.0	6.858131487889273	 183.4687259197235 
400	578	3	83	27339.0	6.79757785467128	 122.0801374912262 
400	578	3	48	27571.0	6.842560553633218	 134.19929933547974 
400	578	3	95	27842.0	6.875432525951557	 502.972722530365 
400	578	3	102	29290.0	7.051903114186851	 107.02531409263611 
400	578	3	60	26659.0	6.704152249134948	 134.9582221508026 
400	578	3	47	26751.0	6.704152249134948	 519.0904033184052 
400	578	3	22	27309.0	6.780276816608996	 496.47644567489624 
400	578	3	17	27720.0	6.835640138408304	 54.00402593612671 
400	578	3	107	27329.0	6.79757785467128	 214.80166888237 
400	578	3	57	28749.0	6.9809688581314875	 502.5026926994324 
400	578	3	106	27955.0	6.877162629757786	 38.27631592750549 
400	578	3	32	27682.0	6.840830449826989	 254.23055505752563 
400	578	3	149	28220.0	6.906574394463668	 313.89739990234375 
400	578	3	58	27724.0	6.854671280276817	 53.89772605895996 
400	578	3	122	28261.0	6.8944636678200695	 121.74677038192749 
400	578	3	198	26642.0	6.716262975778546	 394.0746328830719 
400	578	3	52	28022.0	6.875432525951557	 510.19939136505127 
400	578	3	142	27928.0	6.86159169550173	 185.31496500968933 
400	578	3	162	27679.0	6.8321799307958475	 498.82017183303833 
400	578	3	156	27417.0	6.794117647058823	 270.0757403373718 
400	578	3	109	28300.0	6.9411764705882355	 503.43299078941345 
400	578	3	168	27974.0	6.858131487889273	 217.1139430999756 
400	578	3	42	27401.0	6.814878892733564	 510.04351019859314 
400	578	3	154	27591.0	6.8321799307958475	 178.75402116775513 
400	578	3	44	27714.0	6.85121107266436	 200.6429364681244 
400	578	3	56	28809.0	6.967128027681661	 502.7209458351135 
400	578	3	16	28044.0	6.889273356401384	 146.14592480659485 
400	578	3	4	27992.0	6.8788927335640135	 380.71371817588806 
400	578	3	177	28578.0	6.916955017301038	 439.9181218147278 
400	578	3	144	27788.0	6.854671280276817	 163.99787735939026 
400	578	3	116	27306.0	6.782006920415225	 99.167551279068 
400	578	3	0	27889.0	6.835640138408304	 557.2157373428345 
400	578	3	148	27613.0	6.821799307958478	 520.8808538913727 
400	578	3	63	26975.0	6.7456747404844295	 511.6811842918396 
400	578	3	121	26861.0	6.742214532871972	 290.267329454422 
400	578	3	1	26738.0	6.730103806228374	 515.4888331890106 
400	578	3	181	26455.0	6.6833910034602075	 234.16761875152588 
400	578	3	133	27256.0	6.7612456747404845	 23.269817113876343 
400	578	3	93	28189.0	6.91522491349481	 496.9798457622528 
400	578	3	113	28152.0	6.899653979238754	 501.912841796875 
400	578	3	78	27844.0	6.85121107266436	 509.4022727012634 
400	578	3	21	27073.0	6.769896193771626	 131.36446595191956 
400	578	3	72	26786.0	6.747404844290657	 502.6782228946686 
400	578	3	50	26825.0	6.731833910034602	 510.7177290916443 
400	578	3	94	27169.0	6.773356401384083	 261.56973576545715 
400	578	3	152	26780.0	6.747404844290657	 377.28842329978943 
400	578	3	120	26960.0	6.7612456747404845	 530.1226058006287 
400	578	3	100	28454.0	6.916955017301038	 186.9142963886261 
400	578	3	6	27423.0	6.79757785467128	 505.2976953983307 
400	578	3	5	28369.0	6.896193771626297	 364.8511600494385 
400	578	3	141	27635.0	6.839100346020762	 520.2299966812134 
400	578	3	66	28392.0	6.920415224913495	 510.2195813655853 
400	578	3	59	27995.0	6.877162629757786	 501.60945200920105 
400	578	3	123	27105.0	6.780276816608996	 417.2133979797363 
400	578	3	170	27325.0	6.79757785467128	 472.3834271430969 
400	578	3	61	27967.0	6.873702422145329	 389.3009343147278 
400	578	3	165	27251.0	6.790657439446367	 135.2133824825287 
400	578	3	7	28287.0	6.939446366782007	 516.355268239975 
400	578	3	145	28374.0	6.9342560553633215	 130.69958996772766 
400	578	3	81	27933.0	6.873702422145329	 485.42381954193115 
400	578	3	84	28966.0	6.996539792387543	 481.41018629074097 
400	578	3	43	27944.0	6.858131487889273	 290.04428362846375 
400	578	3	19	27968.0	6.859861591695502	 496.09340953826904 
400	578	3	163	28315.0	6.91522491349481	 513.0893864631653 
400	578	3	166	26486.0	6.671280276816609	 510.77472734451294 
400	578	3	185	27819.0	6.839100346020762	 506.1205539703369 
400	578	3	180	28222.0	6.889273356401384	 511.17383313179016 
400	578	3	8	28237.0	6.8944636678200695	 503.85620045661926 
400	578	3	183	27884.0	6.865051903114187	 513.1375410556793 
400	578	3	45	27404.0	6.820069204152249	 501.8770477771759 
400	578	3	130	28172.0	6.899653979238754	 548.2583746910095 
400	578	3	159	28407.0	6.916955017301038	 520.1648325920105 
400	578	3	164	28655.0	6.974048442906574	 510.1583321094513 
400	578	3	137	27457.0	6.818339100346021	 515.167560338974 
400	578	3	53	29013.0	7.022491349480969	 506.1644866466522 
400	578	3	119	27111.0	6.769896193771626	 511.53005290031433 
400	578	3	117	28244.0	6.9100346020761245	 523.8634252548218 
400	578	3	171	27334.0	6.778546712802768	 507.5690805912018 
400	578	3	9	27845.0	6.880622837370242	 498.0676522254944 
400	578	3	37	28581.0	6.93598615916955	 493.8451819419861 
