400	6	3	69	43.0	7.166666666666667	 0.09575223922729492 
400	6	3	64	37.0	5.833333333333333	 0.09380388259887695 
400	6	3	65	37.0	6.166666666666667	 0.10249042510986328 
400	6	3	71	40.0	6.666666666666667	 0.10720396041870117 
400	6	3	70	42.0	7.0	 0.08641552925109863 
400	6	3	67	38.0	6.0	 0.11394453048706055 
400	6	3	68	34.0	5.666666666666667	 0.3015434741973877 
400	6	3	76	36.0	5.666666666666667	 0.1253056526184082 
400	6	3	63	39.0	6.5	 0.1279911994934082 
400	6	3	72	37.0	6.166666666666667	 0.27270030975341797 
400	6	3	79	49.0	8.166666666666666	 0.11419987678527832 
400	6	3	78	39.0	6.5	 0.6531813144683838 
400	6	3	25	47.0	7.833333333333333	 0.10153317451477051 
400	6	3	24	29.0	4.833333333333333	 0.10400176048278809 
400	6	3	23	46.0	7.0	 0.10666966438293457 
400	6	3	22	39.0	6.5	 0.10795259475708008 
400	6	3	26	40.0	6.666666666666667	 0.11841440200805664 
400	6	3	80	40.0	6.666666666666667	 0.5817759037017822 
400	6	3	77	39.0	6.5	 0.8217959403991699 
400	6	3	41	36.0	6.0	 0.09605598449707031 
400	6	3	30	41.0	6.833333333333333	 0.10108661651611328 
400	6	3	45	37.0	5.833333333333333	 0.10316610336303711 
400	6	3	39	42.0	7.0	 0.10429573059082031 
400	6	3	36	36.0	6.0	 0.10497188568115234 
400	6	3	42	40.0	6.666666666666667	 0.1072072982788086 
400	6	3	29	46.0	7.666666666666667	 0.10785317420959473 
400	6	3	32	38.0	5.666666666666667	 0.11593890190124512 
400	6	3	34	44.0	7.333333333333333	 0.11684513092041016 
400	6	3	43	41.0	6.833333333333333	 0.11905193328857422 
400	6	3	44	43.0	6.833333333333333	 0.11958956718444824 
400	6	3	35	41.0	6.833333333333333	 0.12485265731811523 
400	6	3	28	48.0	8.0	 0.39080119132995605 
400	6	3	38	46.0	7.666666666666667	 0.2227783203125 
400	6	3	37	42.0	7.0	 0.27829933166503906 
400	6	3	31	38.0	6.333333333333333	 0.2951054573059082 
400	6	3	40	50.0	8.0	 0.5678741931915283 
400	6	3	27	47.0	7.833333333333333	 0.8716399669647217 
400	6	3	73	42.0	7.0	 1.6961853504180908 
400	6	3	33	32.0	5.333333333333333	 1.1906702518463135 
400	6	3	115	40.0	6.666666666666667	 0.1037588119506836 
400	6	3	102	45.0	7.5	 0.10558962821960449 
400	6	3	104	36.0	6.0	 0.10460138320922852 
400	6	3	114	38.0	6.333333333333333	 0.10482621192932129 
400	6	3	108	39.0	6.5	 0.1058199405670166 
400	6	3	109	44.0	7.0	 0.1118631362915039 
400	6	3	99	37.0	6.166666666666667	 0.1227879524230957 
400	6	3	112	42.0	6.333333333333333	 0.13332200050354004 
400	6	3	110	44.0	7.333333333333333	 0.1920921802520752 
400	6	3	105	43.0	7.166666666666667	 0.21246671676635742 
400	6	3	19	42.0	7.0	 0.11997461318969727 
400	6	3	18	36.0	6.0	 0.12029170989990234 
400	6	3	17	40.0	6.666666666666667	 0.11994361877441406 
400	6	3	20	43.0	7.166666666666667	 0.12902188301086426 
400	6	3	14	42.0	7.0	 0.129561185836792 
400	6	3	21	50.0	8.333333333333334	 0.13361811637878418 
400	6	3	15	43.0	6.833333333333333	 0.20050764083862305 
400	6	3	113	40.0	6.666666666666667	 0.6468930244445801 
400	6	3	16	40.0	6.666666666666667	 0.4899318218231201 
400	6	3	107	33.0	5.5	 0.08570480346679688 
400	6	3	100	39.0	6.5	 0.0973668098449707 
400	6	3	75	34.0	5.666666666666667	 3.37496018409729 
400	6	3	106	36.0	6.0	 0.09952092170715332 
400	6	3	111	45.0	7.166666666666667	 0.1669001579284668 
400	6	3	116	36.0	6.0	 0.3448450565338135 
400	6	3	101	37.0	6.166666666666667	 0.5857710838317871 
400	6	3	94	35.0	5.833333333333333	 0.10864663124084473 
400	6	3	87	43.0	7.166666666666667	 0.10433650016784668 
400	6	3	82	37.0	6.166666666666667	 0.10393309593200684 
400	6	3	85	40.0	6.666666666666667	 0.10339045524597168 
400	6	3	92	42.0	7.0	 0.1159970760345459 
400	6	3	98	37.0	6.166666666666667	 0.11759209632873535 
400	6	3	83	43.0	7.166666666666667	 0.10818243026733398 
400	6	3	84	41.0	6.833333333333333	 0.10847949981689453 
400	6	3	95	44.0	7.333333333333333	 0.1186532974243164 
400	6	3	91	47.0	7.833333333333333	 0.3421599864959717 
400	6	3	88	44.0	7.333333333333333	 0.36806583404541016 
400	6	3	81	35.0	5.833333333333333	 0.4589262008666992 
400	6	3	97	41.0	6.833333333333333	 0.673281192779541 
400	6	3	59	38.0	6.333333333333333	 0.1103372573852539 
400	6	3	51	39.0	6.5	 0.11255741119384766 
400	6	3	47	31.0	4.833333333333333	 0.1163947582244873 
400	6	3	53	40.0	6.333333333333333	 0.11844944953918457 
400	6	3	60	37.0	6.166666666666667	 0.12376785278320312 
400	6	3	52	37.0	6.166666666666667	 0.12447881698608398 
400	6	3	56	42.0	7.0	 0.12626194953918457 
400	6	3	48	45.0	7.5	 0.12691950798034668 
400	6	3	66	40.0	6.666666666666667	 5.797101020812988 
400	6	3	90	41.0	6.166666666666667	 0.9960696697235107 
400	6	3	58	44.0	7.333333333333333	 0.14532017707824707 
400	6	3	50	40.0	6.666666666666667	 0.2009875774383545 
400	6	3	54	51.0	8.166666666666666	 0.20404362678527832 
400	6	3	49	40.0	6.666666666666667	 0.3855631351470947 
400	6	3	55	41.0	6.833333333333333	 0.4257547855377197 
400	6	3	62	39.0	6.5	 0.45090389251708984 
400	6	3	46	38.0	6.333333333333333	 0.47699856758117676 
400	6	3	89	43.0	7.166666666666667	 1.3619303703308105 
400	6	3	93	46.0	7.666666666666667	 1.5390255451202393 
400	6	3	103	44.0	6.666666666666667	 0.6154689788818359 
400	6	3	57	36.0	5.666666666666667	 0.8693056106567383 
400	6	3	61	43.0	7.166666666666667	 0.9260029792785645 
400	6	3	132	32.0	5.333333333333333	 0.1074831485748291 
400	6	3	131	38.0	6.333333333333333	 0.11319994926452637 
400	6	3	143	39.0	6.5	 0.09881353378295898 
400	6	3	144	40.0	6.666666666666667	 0.10003519058227539 
400	6	3	145	39.0	6.5	 0.10076403617858887 
400	6	3	137	39.0	6.5	 0.09409880638122559 
400	6	3	139	38.0	6.333333333333333	 0.10680222511291504 
400	6	3	138	45.0	6.833333333333333	 0.1147913932800293 
400	6	3	148	45.0	7.5	 0.10741782188415527 
400	6	3	147	40.0	6.0	 0.10834813117980957 
400	6	3	153	49.0	8.166666666666666	 0.11127710342407227 
400	6	3	152	34.0	5.666666666666667	 0.11172699928283691 
400	6	3	154	48.0	8.0	 0.12152218818664551 
400	6	3	156	43.0	7.166666666666667	 0.10288286209106445 
400	6	3	151	35.0	5.833333333333333	 0.09648942947387695 
400	6	3	149	42.0	7.0	 0.13167142868041992 
400	6	3	141	37.0	6.166666666666667	 0.10320878028869629 
400	6	3	140	46.0	7.666666666666667	 0.10437989234924316 
400	6	3	142	43.0	7.166666666666667	 0.11008906364440918 
400	6	3	159	27.0	4.5	 0.09191608428955078 
400	6	3	158	31.0	5.166666666666667	 0.13109421730041504 
400	6	3	150	44.0	7.333333333333333	 0.5340225696563721 
400	6	3	146	38.0	6.0	 1.0892252922058105 
400	6	3	135	47.0	7.5	 0.16920137405395508 
400	6	3	155	43.0	7.166666666666667	 1.1273021697998047 
400	6	3	96	46.0	7.0	 5.635700702667236 
400	6	3	86	38.0	6.333333333333333	 5.78267240524292 
400	6	3	134	42.0	7.0	 1.1482834815979004 
400	6	3	136	44.0	7.333333333333333	 1.1993722915649414 
400	6	3	9	44.0	7.333333333333333	 0.12027406692504883 
400	6	3	6	42.0	7.0	 0.11985659599304199 
400	6	3	12	41.0	6.5	 0.12085509300231934 
400	6	3	10	43.0	7.166666666666667	 0.12425899505615234 
400	6	3	7	37.0	5.833333333333333	 0.11886978149414062 
400	6	3	13	41.0	6.833333333333333	 0.12285947799682617 
400	6	3	3	40.0	6.666666666666667	 0.12263751029968262 
400	6	3	5	44.0	7.333333333333333	 0.14566397666931152 
400	6	3	4	45.0	6.833333333333333	 0.2731204032897949 
400	6	3	8	44.0	7.0	 0.6458609104156494 
400	6	3	2	44.0	7.333333333333333	 0.6796877384185791 
400	6	3	133	47.0	7.5	 5.825881004333496 
400	6	3	198	34.0	5.666666666666667	 0.0959172248840332 
400	6	3	197	41.0	6.833333333333333	 0.1014411449432373 
400	6	3	199	38.0	6.333333333333333	 0.1044001579284668 
400	6	3	1	34.0	5.666666666666667	 1.4833581447601318 
400	6	3	11	50.0	8.333333333333334	 1.8720626831054688 
400	6	3	157	32.0	5.333333333333333	 5.848912954330444 
400	6	3	160	46.0	7.333333333333333	 5.764589548110962 
400	6	3	0	41.0	6.833333333333333	 6.321146726608276 
400	6	3	167	39.0	6.166666666666667	 0.10259270668029785 
400	6	3	170	41.0	6.833333333333333	 0.10479283332824707 
400	6	3	176	44.0	7.0	 0.11192584037780762 
400	6	3	177	38.0	6.333333333333333	 0.11250066757202148 
400	6	3	163	42.0	6.666666666666667	 0.11495494842529297 
400	6	3	174	39.0	6.5	 0.11478281021118164 
400	6	3	164	43.0	7.166666666666667	 0.11749696731567383 
400	6	3	178	39.0	6.5	 0.11818861961364746 
400	6	3	169	44.0	7.333333333333333	 0.11998939514160156 
400	6	3	171	44.0	7.333333333333333	 0.12139678001403809 
400	6	3	165	39.0	6.5	 0.136993408203125 
400	6	3	172	38.0	6.333333333333333	 0.17855286598205566 
400	6	3	173	47.0	7.833333333333333	 0.3080909252166748 
400	6	3	166	35.0	5.5	 0.3646414279937744 
400	6	3	190	43.0	7.166666666666667	 0.10810327529907227 
400	6	3	180	42.0	6.666666666666667	 0.11005139350891113 
400	6	3	188	40.0	6.666666666666667	 0.1097416877746582 
400	6	3	189	37.0	6.166666666666667	 0.10936522483825684 
400	6	3	191	32.0	5.333333333333333	 0.10800361633300781 
400	6	3	196	41.0	6.833333333333333	 0.11137199401855469 
400	6	3	182	39.0	6.5	 0.11216044425964355 
400	6	3	186	40.0	6.666666666666667	 0.11543941497802734 
400	6	3	192	52.0	8.666666666666666	 0.11960697174072266 
400	6	3	195	47.0	7.833333333333333	 0.12026739120483398 
400	6	3	183	46.0	7.666666666666667	 0.12572813034057617 
400	6	3	179	37.0	5.833333333333333	 0.590059757232666 
400	6	3	184	43.0	7.166666666666667	 0.24102282524108887 
400	6	3	168	34.0	5.666666666666667	 0.6293787956237793 
400	6	3	187	47.0	7.833333333333333	 0.29701828956604004 
400	6	3	193	37.0	6.166666666666667	 0.3180239200592041 
400	6	3	185	42.0	7.0	 0.34116649627685547 
400	6	3	181	42.0	7.0	 0.36335325241088867 
400	6	3	161	42.0	6.666666666666667	 0.09673166275024414 
400	6	3	162	36.0	6.0	 0.1181330680847168 
400	6	3	194	42.0	7.0	 1.3813269138336182 
400	6	3	117	39.0	6.5	 0.11308789253234863 
400	6	3	118	44.0	7.333333333333333	 0.11367225646972656 
400	6	3	119	35.0	5.833333333333333	 0.1220698356628418 
400	6	3	175	40.0	6.666666666666667	 3.4915008544921875 
400	6	3	130	42.0	7.0	 0.13302397727966309 
400	6	3	127	41.0	6.833333333333333	 0.1332840919494629 
400	6	3	126	39.0	6.5	 0.15282750129699707 
400	6	3	125	37.0	6.166666666666667	 0.17279911041259766 
400	6	3	122	47.0	7.833333333333333	 0.3870828151702881 
400	6	3	129	48.0	8.0	 0.440049409866333 
400	6	3	120	44.0	7.333333333333333	 3.752161979675293 
400	6	3	123	35.0	5.5	 0.6940324306488037 
400	6	3	121	40.0	6.333333333333333	 0.8254969120025635 
