400	410	3	97	1068.3987196270045	9.65609756097561	 30.21437358856201 
400	410	3	182	1099.5658103947032	8.546341463414635	 35.88295078277588 
400	410	3	31	1058.6634179179887	9.43658536585366	 76.29458451271057 
400	410	3	105	1083.29228255806	8.304878048780488	 80.64097213745117 
400	410	3	195	1069.449475364145	9.690243902439024	 69.11984157562256 
400	410	3	88	1068.6467625261785	8.729268292682926	 54.208988904953 
400	410	3	123	1085.5135469458219	7.685365853658537	 39.914233684539795 
400	410	3	128	1060.4259715965848	9.536585365853659	 85.04940295219421 
400	410	3	67	1075.7825260335167	8.71219512195122	 93.49986672401428 
400	410	3	122	1068.2256854362838	9.490243902439024	 35.60500645637512 
400	410	3	30	1080.5498939553627	8.492682926829268	 55.852245569229126 
400	410	3	194	1100.6609162662546	8.136585365853659	 83.57530784606934 
400	410	3	156	1061.9044755240413	9.363414634146341	 66.73640084266663 
400	410	3	40	1102.4783949371779	8.270731707317074	 73.51486158370972 
400	410	3	181	1062.7732647986002	8.768292682926829	 51.903451681137085 
400	410	3	29	1080.3475297154782	8.770731707317074	 78.82217144966125 
400	410	3	100	1036.3150149239416	9.697560975609756	 82.436030626297 
400	410	3	129	1072.130172570719	9.017073170731708	 32.810816526412964 
400	410	3	134	1067.405996751552	8.539024390243902	 47.904581785202026 
400	410	3	104	1047.7036179375912	9.407317073170733	 79.89264392852783 
400	410	3	158	1085.951088572841	8.990243902439024	 24.882909536361694 
400	410	3	25	1054.422169546424	9.248780487804877	 68.13478922843933 
400	410	3	164	1070.7489857787666	9.734146341463415	 42.26804232597351 
400	410	3	108	1082.1708059455875	8.646341463414634	 37.00396656990051 
400	410	3	78	1088.8008388411035	9.051219512195122	 116.92680931091309 
400	410	3	184	1089.0651822311079	8.029268292682927	 55.93642067909241 
400	410	3	176	1085.172640120011	8.726829268292683	 39.28610706329346 
400	410	3	18	1082.0960810665392	8.395121951219512	 60.35784029960632 
400	410	3	27	1086.4727607490265	8.841463414634147	 62.93951725959778 
400	410	3	190	1104.6452326972003	9.487804878048781	 68.63831686973572 
400	410	3	178	1055.3640280511295	8.958536585365854	 56.4947874546051 
400	410	3	145	1096.261884546856	8.495121951219513	 80.16832423210144 
400	410	3	64	1061.5988452373224	9.331707317073171	 112.88564991950989 
400	410	3	118	1083.4693608001269	9.202439024390245	 62.90891790390015 
400	410	3	48	1071.178354555647	8.895121951219512	 82.33011984825134 
400	410	3	66	1075.3516421299048	9.448780487804878	 112.08827710151672 
400	410	3	168	1081.8942948192966	8.846341463414634	 38.973339319229126 
400	410	3	85	1082.2534632919837	8.885365853658536	 54.59227395057678 
400	410	3	172	1094.9771052932265	8.509756097560976	 28.956090450286865 
400	410	3	20	1090.267281634026	8.675609756097561	 31.11084485054016 
400	410	3	35	1078.9677840707548	8.804878048780488	 91.08174991607666 
400	410	3	24	1079.2476692080188	8.75609756097561	 154.80636548995972 
400	410	3	131	1066.814366918483	8.953658536585365	 39.6881377696991 
400	410	3	65	1079.6933170675266	9.197560975609756	 51.85919117927551 
400	410	3	80	1062.4456507000991	9.373170731707317	 44.755008935928345 
400	410	3	148	1077.7342967642285	8.878048780487806	 128.01132321357727 
400	410	3	193	1069.589050649923	9.297560975609755	 121.81881928443909 
400	410	3	22	1071.2110021796234	8.953658536585365	 53.96149682998657 
400	410	3	109	1073.3049896392192	8.826829268292682	 144.3949167728424 
400	410	3	87	1079.7519893337796	8.348780487804879	 155.33084893226624 
400	410	3	169	1071.6185448732413	8.93658536585366	 46.010313272476196 
400	410	3	160	1079.6138923382402	8.117073170731707	 49.914381980895996 
400	410	3	171	1078.9284360889367	8.407317073170733	 45.53516721725464 
400	410	3	79	1086.9454631979186	9.058536585365854	 104.0729513168335 
400	410	3	19	1079.3940263607444	8.675609756097561	 27.1005756855011 
400	410	3	2	1089.3720363856755	8.88048780487805	 175.72007727622986 
400	410	3	149	1044.8333780969765	9.260975609756098	 102.5667176246643 
400	410	3	159	1064.9054070969926	9.475609756097562	 44.73143982887268 
400	410	3	175	1080.0657854151482	8.795121951219512	 28.635608911514282 
400	410	3	173	1094.9721760434795	8.11951219512195	 43.69718408584595 
400	410	3	51	1067.103548313488	8.524390243902438	 170.57468152046204 
400	410	3	112	1047.2656324202526	9.448780487804878	 43.658740758895874 
400	410	3	4	1090.5970714676816	8.746341463414634	 159.22902083396912 
400	410	3	117	1096.913854384207	9.14390243902439	 32.02824854850769 
400	410	3	102	1096.7455298545035	8.717073170731707	 34.55051279067993 
400	410	3	121	1087.69442228453	8.13170731707317	 28.98235774040222 
400	410	3	63	1067.3116924011135	9.439024390243903	 180.13327598571777 
400	410	3	187	1067.7793446081935	8.768292682926829	 38.40721654891968 
400	410	3	76	1095.180558584789	8.28780487804878	 29.805129528045654 
400	410	3	56	1108.3771281379925	8.56829268292683	 57.27362561225891 
400	410	3	71	1060.5121085940336	9.295121951219512	 61.33355689048767 
400	410	3	132	1086.9914079667144	8.146341463414634	 58.59526205062866 
400	410	3	146	1065.4071304475865	8.739024390243902	 235.13699436187744 
400	410	3	13	1051.9682544786008	9.841463414634147	 28.10789656639099 
400	410	3	98	1103.8926008641831	9.117073170731707	 64.64593005180359 
400	410	3	199	1083.644323778661	8.582926829268292	 34.93713307380676 
400	410	3	84	1050.7400428808278	9.709756097560975	 125.20580577850342 
400	410	3	69	1076.5419901589767	8.251219512195123	 116.37114667892456 
400	410	3	113	1068.0377843430306	9.43170731707317	 167.26825523376465 
400	410	3	38	1043.722561638309	9.71219512195122	 44.33086609840393 
400	410	3	7	1096.4845410319056	8.78048780487805	 116.9435875415802 
400	410	3	167	1100.8284184016377	8.836585365853658	 93.64618420600891 
400	410	3	54	1067.4285834195812	8.997560975609757	 121.04981732368469 
400	410	3	93	1083.0765903811152	9.578048780487805	 53.084012031555176 
400	410	3	130	1087.7393401661438	9.165853658536586	 84.1545147895813 
400	410	3	101	1061.835906377579	9.046341463414635	 214.22853779792786 
400	410	3	0	1067.5490060112702	9.151219512195121	 35.038586378097534 
400	410	3	55	1101.656905696699	9.117073170731707	 68.91941475868225 
400	410	3	114	1088.434020865687	8.585365853658537	 77.78847575187683 
400	410	3	198	1083.1475050583638	8.25609756097561	 19.20018196105957 
400	410	3	120	1071.5984405552872	8.065853658536586	 71.77743935585022 
400	410	3	58	1070.3401314476107	9.826829268292682	 99.9336576461792 
400	410	3	192	1070.813814207841	9.180487804878048	 47.79938983917236 
400	410	3	138	1071.9745041403676	8.460975609756098	 38.123923778533936 
400	410	3	44	1079.6273718122402	9.08780487804878	 352.1981363296509 
400	410	3	12	1064.3029542419738	9.04390243902439	 352.01098442077637 
400	410	3	110	1057.2921406777443	8.84390243902439	 125.1916754245758 
400	410	3	41	1061.7715408282709	9.426829268292684	 348.7131929397583 
400	410	3	45	1084.160945935336	8.414634146341463	 35.71392011642456 
400	410	3	179	1076.1128679373119	8.190243902439024	 26.912251234054565 
400	410	3	39	1099.604968281639	8.795121951219512	 32.393723249435425 
400	410	3	5	1089.626658451699	8.195121951219512	 107.78856539726257 
400	410	3	53	1049.0218683608412	10.314634146341463	 142.49095559120178 
400	410	3	92	1037.97467830547	9.378048780487806	 56.70680642127991 
400	410	3	163	1078.4684034929023	9.121951219512194	 79.00188040733337 
400	410	3	90	1085.7963935505356	8.463414634146341	 32.60074591636658 
400	410	3	196	1063.366739933405	9.795121951219512	 43.052998542785645 
400	410	3	16	1074.5741607137275	8.782926829268293	 97.59762763977051 
400	410	3	23	1066.5469584883324	9.9	 59.38731360435486 
400	410	3	74	1084.0629001614118	8.6	 69.24443030357361 
400	410	3	96	1095.3696395076056	8.35609756097561	 98.00446605682373 
400	410	3	3	1064.38801613872	8.509756097560976	 360.26193022727966 
400	410	3	17	1076.4255518655023	9.148780487804878	 95.00410461425781 
400	410	3	95	1073.7602070309908	9.358536585365854	 42.28085255622864 
400	410	3	10	1088.8649661364502	8.980487804878049	 47.45290398597717 
400	410	3	197	1069.6389516887498	8.78048780487805	 339.2068874835968 
400	410	3	75	1072.8879822840718	8.863414634146341	 342.7575032711029 
400	410	3	154	1088.094817109445	8.658536585365853	 135.63148427009583 
400	410	3	1	1086.2811591724558	9.185365853658537	 46.97454309463501 
400	410	3	162	1107.189522866371	7.95609756097561	 152.10887932777405 
400	410	3	136	1073.7324202303973	8.487804878048781	 121.63895082473755 
400	410	3	115	1069.2063027469442	8.973170731707317	 58.99011015892029 
400	410	3	170	1069.466329657106	9.019512195121951	 353.54708218574524 
400	410	3	86	1057.5013643540146	9.924390243902439	 72.03927755355835 
400	410	3	57	1084.1144724659698	9.112195121951219	 336.4876091480255 
400	410	3	94	1083.727594958912	8.773170731707317	 145.57822823524475 
400	410	3	82	1097.286247209398	8.429268292682927	 86.00920367240906 
400	410	3	111	1068.2445219024376	9.263414634146342	 92.47795510292053 
400	410	3	99	1069.3913986895302	9.112195121951219	 67.53927373886108 
400	410	3	11	1088.9497340006787	9.407317073170733	 29.591560125350952 
400	410	3	142	1069.6980412094947	8.43658536585366	 133.10578227043152 
400	410	3	9	1094.0985351303386	8.917073170731708	 250.6170938014984 
400	410	3	28	1071.0862807713552	9.270731707317074	 146.09337544441223 
400	410	3	89	1081.5350291030984	9.390243902439025	 251.78975462913513 
400	410	3	91	1076.194044075467	9.429268292682927	 72.34692740440369 
400	410	3	42	1084.6010037164292	8.512195121951219	 76.9056785106659 
400	410	3	83	1041.7525672069269	9.692682926829269	 260.01896619796753 
400	410	3	143	1087.7013157281765	8.973170731707317	 320.36161756515503 
400	410	3	103	1075.7319586805618	9.226829268292683	 76.38550806045532 
400	410	3	137	1063.5309198330683	8.717073170731707	 55.6963005065918 
400	410	3	139	1066.1716487949325	9.497560975609757	 58.877081632614136 
400	410	3	140	1076.0766494652078	9.704878048780488	 46.892985343933105 
400	410	3	155	1082.1533668257596	8.41219512195122	 50.80239200592041 
400	410	3	124	1062.8830885641967	9.058536585365854	 353.3275384902954 
400	410	3	15	1097.6991615841562	8.514634146341463	 267.97851848602295 
400	410	3	161	1061.522925751457	9.246341463414634	 83.10510325431824 
400	410	3	59	1067.3312831859125	9.039024390243902	 107.86960434913635 
400	410	3	26	1095.9120927936817	8.590243902439024	 294.4236001968384 
400	410	3	14	1100.6833014546055	8.265853658536585	 125.10618853569031 
400	410	3	185	1076.3850557666676	9.458536585365854	 117.25335144996643 
400	410	3	150	1087.0158523122288	8.819512195121952	 346.8469035625458 
400	410	3	46	1080.1958544158456	8.795121951219512	 347.4006128311157 
400	410	3	153	1070.0667032755393	9.295121951219512	 99.96686720848083 
400	410	3	37	1080.017623915155	8.860975609756098	 25.231745719909668 
400	410	3	68	1093.376045767235	8.424390243902439	 348.16369700431824 
400	410	3	135	1076.9136253548447	8.548780487804878	 349.8667929172516 
400	410	3	81	1054.5742991950872	9.180487804878048	 233.74734735488892 
400	410	3	43	1090.9597784642308	8.407317073170733	 44.24470043182373 
400	410	3	47	1094.1827370348838	8.78780487804878	 147.1131980419159 
400	410	3	52	1093.5292243026038	8.709756097560975	 71.06895780563354 
400	410	3	8	1086.7629227180025	8.660975609756097	 375.99506425857544 
400	410	3	77	1068.914895367456	8.865853658536585	 95.67256045341492 
400	410	3	61	1078.7417266084374	8.621951219512194	 282.2135729789734 
400	410	3	141	1078.492645399834	8.402439024390244	 40.8829984664917 
400	410	3	188	1089.5283614075984	8.38048780487805	 369.6963872909546 
400	410	3	186	1089.286310398701	9.12439024390244	 348.36820554733276 
400	410	3	32	1071.4299862354515	8.680487804878048	 349.1747817993164 
400	410	3	50	1087.6482129866286	8.634146341463415	 37.816333293914795 
400	410	3	106	1075.1484416584804	8.773170731707317	 244.17186212539673 
400	410	3	157	1057.9926188252182	9.565853658536586	 347.15790820121765 
400	410	3	49	1071.0340195447382	9.141463414634146	 343.50928807258606 
400	410	3	116	1070.3417771646232	8.721951219512196	 127.98241782188416 
400	410	3	34	1080.311169485317	9.146341463414634	 346.9531674385071 
400	410	3	191	1093.2289364116516	8.22439024390244	 271.44142484664917 
400	410	3	72	1058.6719349587602	8.919512195121952	 345.9068729877472 
400	410	3	33	1065.6125016473618	8.995121951219513	 310.53236746788025 
400	410	3	177	1090.9502717491278	8.560975609756097	 82.30024743080139 
400	410	3	62	1078.5679495150991	9.034146341463414	 117.73416709899902 
400	410	3	147	1081.3032678877464	8.94390243902439	 46.454625606536865 
400	410	3	165	1069.4130129042774	8.575609756097561	 57.81761956214905 
400	410	3	183	1089.6606930117582	8.487804878048781	 306.5781452655792 
400	410	3	36	1097.3062787877873	8.739024390243902	 224.90200281143188 
400	410	3	119	1069.5835161054297	8.629268292682926	 59.7590446472168 
400	410	3	60	1079.640625796534	8.236585365853658	 138.74759817123413 
400	410	3	127	1057.8484376133185	9.692682926829269	 351.50464630126953 
400	410	3	133	1079.0965867162602	8.44390243902439	 346.95787024497986 
400	410	3	174	1056.6887068166325	9.407317073170733	 197.62006497383118 
400	410	3	73	1098.0084351518587	8.324390243902439	 146.82086539268494 
400	410	3	125	1058.0018628440203	9.680487804878048	 41.99013686180115 
400	410	3	166	1070.9499714977353	8.565853658536586	 345.94284653663635 
400	410	3	6	1068.481904891393	8.702439024390245	 373.88099193573 
