400	230	3	139	772.1392432627109	8.182608695652174	0.0698997974395752	7
400	230	3	67	766.0738417570802	9.556521739130435	0.12911581993103027	13
400	230	3	79	765.9589919839632	9.660869565217391	0.08415842056274414	8
400	230	3	182	777.3261708110515	8.652173913043478	0.06478428840637207	6
400	230	3	12	755.6727606491287	9.639130434782608	0.16609644889831543	17
400	230	3	141	762.1802242368185	8.352173913043478	0.07183241844177246	7
400	230	3	69	762.75483619349	8.834782608695653	0.10567426681518555	11
400	230	3	184	758.3432929688108	9.23913043478261	0.0947265625	9
400	230	3	189	738.1647923373553	9.030434782608696	0.08221650123596191	8
400	230	3	136	752.9690296280376	9.060869565217391	0.12098383903503418	12
400	230	3	105	764.3071642511368	8.782608695652174	0.12757253646850586	13
400	230	3	97	755.7259590539815	9.460869565217392	0.10918331146240234	10
400	230	3	100	765.3457633258573	8.11304347826087	0.0599513053894043	6
400	230	3	161	762.6150097332455	8.604347826086956	0.07078433036804199	7
400	230	3	169	767.0879189253129	8.873913043478261	0.09163093566894531	9
400	230	3	135	755.2747482113109	8.4	0.08140039443969727	8
400	230	3	138	765.8872225061677	8.178260869565218	0.08805632591247559	9
400	230	3	9	803.1047369313145	8.704347826086957	0.0830378532409668	8
400	230	3	22	773.7258967254478	7.934782608695652	0.05290937423706055	5
400	230	3	164	773.8514419582862	9.07391304347826	0.10231518745422363	10
400	230	3	93	780.1162342300611	9.226086956521739	0.06650829315185547	6
400	230	3	137	786.7109351964551	8.139130434782608	0.07066822052001953	7
400	230	3	87	762.0554088465827	8.626086956521739	0.07930207252502441	8
400	230	3	89	764.4086972663613	9.078260869565218	0.13765525817871094	14
400	230	3	134	765.0575446859248	8.647826086956522	0.08064675331115723	8
400	230	3	129	772.657860984982	8.669565217391304	0.09924697875976562	10
400	230	3	148	756.1469805682011	9.095652173913043	0.08756756782531738	8
400	230	3	146	763.0348505928463	9.230434782608695	0.10405588150024414	10
400	230	3	88	750.4345639166918	8.78695652173913	0.09952974319458008	10
400	230	3	101	774.6098046547562	7.921739130434783	0.08121490478515625	8
400	230	3	150	760.7960768796728	8.569565217391304	0.08825302124023438	9
400	230	3	64	744.4139769506547	9.73913043478261	0.07845854759216309	7
400	230	3	31	776.3504848708353	8.243478260869566	0.08227038383483887	8
400	230	3	61	756.475419540481	8.882608695652173	0.13486385345458984	14
400	230	3	58	760.259979047984	8.8	0.10197234153747559	10
400	230	3	151	776.6100135019055	8.130434782608695	0.0616297721862793	6
400	230	3	34	762.2239004156011	9.121739130434783	0.0650794506072998	6
400	230	3	86	745.7872391908211	9.326086956521738	0.10893583297729492	11
400	230	3	44	769.2174217046062	8.304347826086957	0.07977414131164551	8
400	230	3	47	775.3725358237969	8.52608695652174	0.08819723129272461	9
400	230	3	158	770.3433583781614	8.808695652173913	0.07904696464538574	8
400	230	3	25	748.7330160111943	9.486956521739131	0.08464717864990234	8
400	230	3	78	789.6745355184789	8.856521739130434	0.11172080039978027	11
400	230	3	104	744.7664660518391	8.969565217391304	0.1031951904296875	10
400	230	3	5	757.9230854203237	8.952173913043477	0.08165931701660156	8
400	230	3	176	769.2272901665035	8.378260869565217	0.09102582931518555	9
400	230	3	27	763.6741154338781	8.856521739130434	0.08411884307861328	8
400	230	3	14	776.4366441230193	8.134782608695652	0.0702512264251709	7
400	230	3	170	758.6848830702087	9.191304347826087	0.09542346000671387	9
400	230	3	56	776.0795000985348	9.0	0.08417153358459473	8
400	230	3	42	777.7992915880945	8.26086956521739	0.07227420806884766	7
400	230	3	32	750.3936378254657	8.42608695652174	0.053055524826049805	5
400	230	3	122	777.7954169894333	8.669565217391304	0.09216570854187012	8
400	230	3	46	792.6982192190968	8.28695652173913	0.06416797637939453	6
400	230	3	199	762.9688806950147	8.869565217391305	0.08853793144226074	9
400	230	3	41	759.8717629707982	9.165217391304347	0.08293342590332031	8
400	230	3	66	760.9660495076101	9.682608695652174	0.15054941177368164	15
400	230	3	24	781.3296083490346	8.417391304347825	0.06557703018188477	6
400	230	3	98	790.5798748039462	9.856521739130434	0.08938980102539062	8
400	230	3	29	766.5890086606271	9.452173913043477	0.09946036338806152	10
400	230	3	126	772.7436701843071	7.956521739130435	0.10346364974975586	10
400	230	3	178	752.8941375193305	8.656521739130435	0.07118439674377441	7
400	230	3	49	778.0999222529979	9.152173913043478	0.09654092788696289	9
400	230	3	75	761.3949489491353	8.304347826086957	0.06289982795715332	6
400	230	3	149	743.3058510558425	8.960869565217392	0.06514739990234375	6
400	230	3	71	769.2622970983755	8.447826086956521	0.06413793563842773	6
400	230	3	95	739.7278963707782	10.013043478260869	0.07529664039611816	7
400	230	3	114	774.3175161249416	8.678260869565218	0.09372782707214355	9
400	230	3	23	773.0515936738958	9.191304347826087	0.1055593490600586	10
400	230	3	84	778.0200911708818	8.365217391304348	0.07245683670043945	7
400	230	3	117	782.1828649743564	8.152173913043478	0.07464981079101562	7
400	230	3	116	744.3365314349332	8.52608695652174	0.09267258644104004	9
400	230	3	30	774.3952343602128	8.765217391304347	0.08295273780822754	8
400	230	3	40	768.5409638499021	8.38695652173913	0.08316969871520996	8
400	230	3	17	760.9468855492635	8.791304347826086	0.07265400886535645	7
400	230	3	53	785.3038160871051	8.630434782608695	0.10312151908874512	10
400	230	3	2	778.6908984131233	9.121739130434783	0.07790637016296387	7
400	230	3	198	737.5837839730966	8.939130434782609	0.09066247940063477	9
400	230	3	110	761.1435473284147	8.6	0.06699371337890625	6
400	230	3	145	777.7234236323656	9.095652173913043	0.10051202774047852	10
400	230	3	54	782.8066581553694	8.830434782608696	0.08565306663513184	8
400	230	3	160	751.0274776451756	8.552173913043479	0.07881712913513184	8
400	230	3	113	775.5629465660584	9.139130434782608	0.09764981269836426	9
400	230	3	63	770.1941540856023	8.513043478260869	0.08969521522521973	9
400	230	3	55	782.3422707302386	8.58695652173913	0.09125781059265137	9
400	230	3	80	738.5542098030365	8.856521739130434	0.06990408897399902	7
400	230	3	133	751.0266535778314	8.421739130434782	0.09340977668762207	10
400	230	3	171	755.5445613280689	8.756521739130434	0.08183670043945312	8
400	230	3	3	766.3760120834295	8.5	0.08878731727600098	9
400	230	3	7	752.4114770440234	9.834782608695653	0.11266851425170898	11
400	230	3	91	771.3677366777068	8.76086956521739	0.08285713195800781	8
400	230	3	128	773.2506208245865	8.565217391304348	0.06860756874084473	6
400	230	3	123	758.5128821715673	8.11304347826087	0.0817413330078125	8
400	230	3	112	752.3830709797143	9.92608695652174	0.10007929801940918	9
400	230	3	0	749.3886211374252	9.57391304347826	0.07712721824645996	7
400	230	3	102	765.2474096841872	8.639130434782608	0.0648186206817627	6
400	230	3	144	786.3924607684147	8.017391304347827	0.05333399772644043	5
400	230	3	13	773.9018111593023	9.191304347826087	0.1235194206237793	12
400	230	3	51	768.064011792441	8.165217391304347	0.0800471305847168	8
400	230	3	28	763.0833242360419	8.673913043478262	0.08872103691101074	9
400	230	3	103	769.9302211318133	8.939130434782609	0.06366848945617676	6
400	230	3	33	750.9077325324082	8.534782608695652	0.10222458839416504	10
400	230	3	45	777.3485585648859	8.726086956521739	0.12767934799194336	13
400	230	3	156	753.9659916496984	9.130434782608695	0.0842127799987793	8
400	230	3	94	750.0935080408195	8.734782608695653	0.10645389556884766	11
400	230	3	20	792.4255035127402	8.378260869565217	0.08437538146972656	8
400	230	3	68	764.324827825178	7.878260869565217	0.07599997520446777	8
400	230	3	4	759.7812694854333	8.230434782608695	0.0718836784362793	7
400	230	3	11	761.1922978946509	9.456521739130435	0.08708763122558594	8
400	230	3	167	770.427767903762	9.539130434782608	0.09458494186401367	9
400	230	3	163	777.4761712740053	9.139130434782608	0.07438421249389648	7
400	230	3	96	752.5750550328514	9.504347826086956	0.1218404769897461	12
400	230	3	57	775.0785007031376	8.995652173913044	0.096038818359375	9
400	230	3	111	779.6142091720108	9.565217391304348	0.09729599952697754	9
400	230	3	85	775.8750020298015	9.747826086956522	0.10529208183288574	10
400	230	3	108	776.4205966768884	9.130434782608695	0.14626216888427734	13
400	230	3	172	766.4973781966412	8.61304347826087	0.11017584800720215	11
400	230	3	10	766.7311697003466	8.904347826086957	0.06999874114990234	7
400	230	3	197	765.6146028963228	8.173913043478262	0.08481454849243164	9
400	230	3	118	775.0832815574462	8.965217391304348	0.09153294563293457	8
400	230	3	18	748.4588825953408	8.482608695652173	0.07213497161865234	7
400	230	3	124	757.254655512476	8.404347826086957	0.06241488456726074	6
400	230	3	39	775.1687300643194	8.665217391304347	0.11293935775756836	11
400	230	3	115	763.1605885756613	8.765217391304347	0.10373401641845703	10
400	230	3	15	789.0044677250398	8.756521739130434	0.0773775577545166	7
400	230	3	82	762.8275226604661	8.0	0.06732034683227539	7
400	230	3	109	759.2809467375558	8.956521739130435	0.07810688018798828	7
400	230	3	48	760.8367519928639	9.030434782608696	0.07628536224365234	7
400	230	3	166	763.8312478811126	8.634782608695652	0.08034682273864746	8
400	230	3	177	746.7706372066345	9.530434782608696	0.13579750061035156	14
400	230	3	76	752.4517737309727	9.543478260869565	0.07589364051818848	7
400	230	3	107	770.3727405026546	8.547826086956523	0.1009063720703125	10
400	230	3	6	760.8097537099975	8.504347826086956	0.08986544609069824	9
400	230	3	157	764.7898798310695	9.42608695652174	0.06553483009338379	6
400	230	3	77	774.9555876884386	8.317391304347826	0.08283233642578125	8
400	230	3	143	778.0450519841047	8.747826086956522	0.08606815338134766	8
400	230	3	99	773.3058389734886	8.191304347826087	0.06209826469421387	6
400	230	3	175	771.5893571881849	8.8	0.18938469886779785	20
400	230	3	38	742.5331836584135	8.982608695652173	0.08304309844970703	8
400	230	3	60	764.3515999328516	8.07391304347826	0.08576273918151855	9
400	230	3	1	747.9057844881563	8.691304347826087	0.1014857292175293	10
400	230	3	153	742.7992682077137	9.38695652173913	0.08261418342590332	8
400	230	3	8	768.6240115036044	8.647826086956522	0.0622248649597168	6
400	230	3	16	761.2240479302039	9.165217391304347	0.09423136711120605	9
400	230	3	173	750.9620053254766	8.547826086956523	0.08172893524169922	8
400	230	3	155	776.6569493426009	8.817391304347826	0.07529401779174805	7
400	230	3	162	763.5381660404489	9.11304347826087	0.10238146781921387	10
400	230	3	19	767.563316171304	8.773913043478261	0.06747794151306152	6
400	230	3	154	744.0585501448567	8.695652173913043	0.0695490837097168	7
400	230	3	81	751.7862423003164	9.504347826086956	0.08338642120361328	8
400	230	3	195	773.457423614083	9.986956521739131	0.13619303703308105	13
400	230	3	21	769.4250553760219	8.691304347826087	0.08474135398864746	8
400	230	3	127	794.2435908528174	8.234782608695653	0.09990572929382324	9
400	230	3	59	774.986505476745	8.221739130434782	0.07200503349304199	7
400	230	3	159	744.7097509237074	10.034782608695652	0.09428048133850098	9
400	230	3	180	766.7549008956033	9.778260869565218	0.1886909008026123	19
400	230	3	191	762.4433276551679	8.204347826086957	0.06111621856689453	6
400	230	3	194	743.7290908397495	8.921739130434782	0.0717010498046875	7
400	230	3	193	780.441578415215	8.569565217391304	0.10741257667541504	11
400	230	3	62	762.2564327673746	8.921739130434782	0.08328843116760254	8
400	230	3	187	762.7525154597728	8.539130434782608	0.0810549259185791	8
400	230	3	165	770.5097035439484	8.147826086956522	0.07327079772949219	7
400	230	3	190	778.4189561213954	9.404347826086957	0.12179827690124512	12
400	230	3	121	761.0433702407452	8.508695652173913	0.0803532600402832	7
400	230	3	174	752.0942856141432	8.869565217391305	0.053893327713012695	5
400	230	3	52	776.6700413302615	8.417391304347825	0.08336663246154785	8
400	230	3	119	756.8806901017573	8.326086956521738	0.12116885185241699	12
400	230	3	70	750.5560557088613	8.595652173913043	0.09948563575744629	10
400	230	3	131	758.218656713244	8.365217391304348	0.08718180656433105	9
400	230	3	152	760.3295356628134	8.078260869565218	0.05286049842834473	5
400	230	3	37	758.5560466902023	8.76086956521739	0.1267986297607422	13
400	230	3	181	747.747841412285	8.982608695652173	0.07210493087768555	7
400	230	3	132	740.8428139296506	9.378260869565217	0.09775233268737793	10
400	230	3	26	757.8264838860975	9.752173913043478	0.10257577896118164	10
400	230	3	179	756.5589908851208	8.97391304347826	0.08418774604797363	8
400	230	3	196	741.9002461095696	9.78695652173913	0.08492231369018555	8
400	230	3	130	750.8489964810523	9.495652173913044	0.12088394165039062	12
400	230	3	186	764.5113706881732	8.634782608695652	0.05474853515625	5
400	230	3	90	750.2937670435549	9.969565217391304	0.11534905433654785	11
400	230	3	120	754.8320484708477	8.582608695652175	0.1106412410736084	11
400	230	3	74	776.5756081491837	8.991304347826087	0.07594990730285645	7
400	230	3	72	743.9736007841138	9.421739130434782	0.09201455116271973	9
400	230	3	185	787.9596256441195	8.834782608695653	0.11015510559082031	11
400	230	3	73	773.3016866557783	8.569565217391304	0.06580305099487305	6
400	230	3	188	773.0249679784228	8.956521739130435	0.10411763191223145	10
400	230	3	106	749.6368863947766	9.504347826086956	0.1431286334991455	14
400	230	3	36	775.1079851515794	8.91304347826087	0.093414306640625	9
400	230	3	140	754.3437090964427	10.11304347826087	0.10625481605529785	10
400	230	3	83	759.299319827642	8.678260869565218	0.1080634593963623	11
400	230	3	50	766.8020105057009	8.195652173913043	0.061447858810424805	6
400	230	3	147	786.4009686111115	8.769565217391305	0.09630799293518066	9
400	230	3	192	780.5111072792162	8.21304347826087	0.07442021369934082	7
400	230	3	142	776.8603541308393	8.682608695652174	0.10777044296264648	11
400	230	3	43	770.6754341209852	8.717391304347826	0.09061956405639648	9
400	230	3	183	768.51334334735	8.68695652173913	0.08856415748596191	9
400	230	3	92	746.1328098913996	9.730434782608695	0.12288904190063477	12
400	230	3	65	781.32152440091	8.139130434782608	0.053778648376464844	5
400	230	3	125	746.3188878084951	9.369565217391305	0.10293149948120117	10
