400	160	3	139	611.724018524167	7.2625	 6.580772876739502 
400	160	3	24	607.1844493633421	8.01875	 7.052759647369385 
400	160	3	182	615.8459463109073	7.76875	 6.1700544357299805 
400	160	3	2	626.7293290629885	8.06875	 13.669281959533691 
400	160	3	35	609.3317707928303	7.53125	 10.936187505722046 
400	160	3	141	606.9684711287231	7.45	 7.579686403274536 
400	160	3	22	597.7939334462044	7.4375	 18.652777671813965 
400	160	3	30	614.6218656211447	7.58125	 6.290648460388184 
400	160	3	15	637.6858295624323	7.6625	 5.862083673477173 
400	160	3	97	608.6675491274356	7.96875	 6.653140544891357 
400	160	3	67	601.9182647714734	7.66875	 7.280344009399414 
400	160	3	12	615.0432537156197	7.65	 8.290198802947998 
400	160	3	116	594.4019153875969	7.50625	 11.582518339157104 
400	160	3	114	613.4304022026873	7.44375	 4.35618782043457 
400	160	3	161	610.145359923788	7.59375	 6.958885908126831 
400	160	3	79	615.6193059699398	7.99375	 7.705519437789917 
400	160	3	100	610.9590635614768	7.44375	 6.356755495071411 
400	160	3	66	595.7468471130082	8.0625	 5.87954306602478 
400	160	3	126	587.831260590569	7.9875	 14.30675721168518 
400	160	3	169	620.7140882524534	8.16875	 4.836998224258423 
400	160	3	156	607.1188373387162	7.51875	 6.820860385894775 
400	160	3	164	616.0678806545756	8.18125	 5.852241516113281 
400	160	3	150	613.6133774495181	7.2625	 6.144677400588989 
400	160	3	42	605.0617800207208	7.75	 6.646148920059204 
400	160	3	93	606.4552326513203	8.64375	 10.817782640457153 
400	160	3	146	612.8019624096702	7.35625	 7.33142876625061 
400	160	3	89	603.6948637253473	8.3625	 10.810488939285278 
400	160	3	136	604.286329527957	7.08125	 8.415335416793823 
400	160	3	69	609.0552833489877	7.38125	 8.252189874649048 
400	160	3	34	613.6494732566113	7.71875	 10.854597091674805 
400	160	3	31	608.0560931280864	7.34375	 6.805264711380005 
400	160	3	27	604.4459909712376	7.48125	 8.595902919769287 
400	160	3	75	618.8828757387657	7.13125	 5.635687351226807 
400	160	3	113	617.1815833500295	7.83125	 6.8216376304626465 
400	160	3	166	605.8182656594934	7.36875	 4.723986864089966 
400	160	3	25	601.0733151805942	8.075	 9.880897998809814 
400	160	3	122	613.0057522815789	7.4	 5.251602649688721 
400	160	3	88	595.1597706056729	7.23125	 5.929417133331299 
400	160	3	134	611.2962224790905	7.575	 7.678121328353882 
400	160	3	9	631.4046571776181	7.65625	 9.047267436981201 
400	160	3	189	588.9034604812126	8.00625	 6.055280685424805 
400	160	3	135	614.3945770872763	7.2625	 7.9358155727386475 
400	160	3	105	618.3389667431379	7.0375	 12.815727710723877 
400	160	3	47	620.1880958497535	7.125	 8.365230321884155 
400	160	3	110	594.6162726264162	7.36875	 10.065774917602539 
400	160	3	104	589.3685524787172	7.8	 10.48483395576477 
400	160	3	138	599.4594825253213	7.56875	 12.494906187057495 
400	160	3	151	604.1132124521337	7.5	 16.052245140075684 
400	160	3	13	618.3798078824459	7.6	 27.42188572883606 
400	160	3	0	610.216974822443	7.60625	 9.86039686203003 
400	160	3	44	623.3270767993445	7.2875	 10.931524276733398 
400	160	3	137	620.91137475462	7.71875	 5.349687099456787 
400	160	3	184	608.6916825964576	7.54375	 6.0698888301849365 
400	160	3	32	593.7790802136642	7.44375	 36.47195363044739 
400	160	3	3	608.1939947154282	7.1	 5.746829509735107 
400	160	3	148	618.3684613862408	7.3125	 8.121170997619629 
400	160	3	87	618.1721075746789	7.49375	 6.099690198898315 
400	160	3	129	626.8342595064626	7.39375	 12.797988176345825 
400	160	3	23	625.1042340215286	7.7625	 6.0668065547943115 
400	160	3	4	593.124597624107	7.525	 44.32186818122864 
400	160	3	158	628.4698006089826	7.56875	 5.823574066162109 
400	160	3	195	634.7291354585585	7.93125	 8.087560892105103 
400	160	3	38	589.9814027008287	7.76875	 43.42274761199951 
400	160	3	101	614.1302107608931	7.48125	 13.566119909286499 
400	160	3	180	614.5671187521598	7.4375	 18.946616411209106 
400	160	3	58	602.4165410512823	8.10625	 6.338125228881836 
400	160	3	64	582.854710326891	8.1	 7.868059396743774 
400	160	3	61	597.0989644846079	7.68125	 24.438946962356567 
400	160	3	71	584.9594379349763	8.29375	 11.357935190200806 
400	160	3	112	596.8555425946736	8.00625	 5.157894849777222 
400	160	3	153	607.4218328282523	8.10625	 6.937414169311523 
400	160	3	149	585.6016766733136	8.15	 15.351137638092041 
400	160	3	145	618.818914786257	7.60625	 16.579193830490112 
400	160	3	193	614.5662298935642	7.775	 5.318586826324463 
400	160	3	133	608.5144526048465	7.31875	 5.2787394523620605 
400	160	3	41	616.66329966188	7.4125	 7.80543065071106 
400	160	3	56	624.0553297697587	7.96875	 21.650871515274048 
400	160	3	46	620.6787250474501	7.59375	 11.94874882698059 
400	160	3	14	620.6362191760784	7.76875	 6.249706983566284 
400	160	3	194	606.0888633934219	7.7625	 8.171005725860596 
400	160	3	99	612.162887654051	7.8125	 7.687713623046875 
400	160	3	68	612.8927835020182	7.50625	 8.91538143157959 
400	160	3	170	616.4824196803302	7.59375	 4.695877552032471 
400	160	3	128	620.5489710166925	7.83125	 9.340007543563843 
400	160	3	98	624.9359247053297	8.04375	 4.986135959625244 
400	160	3	78	623.6328591124567	7.65	 8.037472009658813 
400	160	3	191	601.6776917814292	7.09375	 6.000032663345337 
400	160	3	162	621.1740492681841	7.34375	 6.725663661956787 
400	160	3	86	623.8921057147634	7.35	 20.169921398162842 
400	160	3	5	616.5210448073415	7.525	 4.249152660369873 
400	160	3	29	613.9860055437506	7.6625	 9.514777183532715 
400	160	3	123	599.3803266425234	7.325	 8.863205671310425 
400	160	3	160	610.5653844658274	7.48125	 5.691131591796875 
400	160	3	95	587.6804023069468	8.74375	 34.270920515060425 
400	160	3	154	601.6267314166297	7.95625	 6.9886534214019775 
400	160	3	49	605.4764769621329	7.8625	 8.0540452003479 
400	160	3	176	612.4226129342359	7.38125	 27.529237747192383 
400	160	3	115	614.7255597867213	7.30625	 5.6347267627716064 
400	160	3	178	611.6099694284657	7.4375	 4.891927719116211 
400	160	3	199	611.3371617372698	7.9375	 15.366737127304077 
400	160	3	40	618.756241481475	7.96875	 15.989174365997314 
400	160	3	111	637.4394837907715	7.75625	 9.499358892440796 
400	160	3	140	597.8909073731463	8.20625	 7.305518627166748 
400	160	3	198	596.1361421601371	6.9875	 21.73814582824707 
400	160	3	117	613.0769192294459	7.5125	 6.823058366775513 
400	160	3	48	612.3222602112543	7.69375	 43.618621587753296 
400	160	3	54	612.4142225301955	7.64375	 7.686598300933838 
400	160	3	185	618.4940788152429	7.98125	 5.701701402664185 
400	160	3	17	602.5454584102828	7.61875	 6.706981420516968 
400	160	3	83	607.4295361486586	7.85	 7.932270526885986 
400	160	3	91	609.3304878380872	7.74375	 5.241493225097656 
400	160	3	53	595.849116674732	7.95	 60.22061538696289 
400	160	3	165	591.1567607299735	7.74375	 58.23553729057312 
400	160	3	51	602.715484113531	7.4625	 22.687254667282104 
400	160	3	124	612.5925203203773	7.225	 9.563809633255005 
400	160	3	131	608.9061607231778	7.48125	 15.475631713867188 
400	160	3	163	629.8813558938908	7.79375	 30.69274067878723 
400	160	3	63	603.3106594926295	8.14375	 88.4000518321991 
400	160	3	109	611.3434685082523	7.8	 41.12113952636719 
400	160	3	81	612.6337932248393	7.4875	 11.647176504135132 
400	160	3	76	610.0598011423954	7.575	 22.91855216026306 
400	160	3	144	608.0314269213848	8.1	 43.07619118690491 
400	160	3	107	604.0722196012938	7.475	 6.242352247238159 
400	160	3	28	607.2027929411319	7.6	 46.847883462905884 
400	160	3	96	607.7617906969491	7.7875	 9.44988203048706 
400	160	3	20	639.0217470524929	7.4	 8.414238214492798 
400	160	3	127	617.8723120032136	7.55	 19.076420307159424 
400	160	3	33	601.6052857852815	7.55625	 65.05764126777649 
400	160	3	181	623.8391233143873	7.48125	 5.621609449386597 
400	160	3	171	596.877429534632	8.0	 5.236480474472046 
400	160	3	108	616.4604340270071	7.44375	 9.627616882324219 
400	160	3	62	612.3462126420242	7.625	 9.135534286499023 
400	160	3	168	599.9017487990342	7.90625	 7.413597106933594 
400	160	3	132	598.878526672502	7.48125	 22.443042039871216 
400	160	3	65	616.1759529085996	7.61875	 116.28198575973511 
400	160	3	119	613.0010209666652	7.40625	 8.399608850479126 
400	160	3	7	609.790655406848	7.8625	 15.92388916015625 
400	160	3	190	643.174530078514	7.625	 98.01218509674072 
400	160	3	45	604.6876674688266	7.69375	 8.429376363754272 
400	160	3	167	612.6833223433389	7.84375	 9.208635330200195 
400	160	3	102	615.0978549212024	8.075	 93.86171364784241 
400	160	3	94	585.7373111345088	7.79375	 10.292021989822388 
400	160	3	39	610.9865543268478	7.775	 146.96363067626953 
400	160	3	103	611.3721726187869	7.3	 15.208003044128418 
400	160	3	18	590.2325158664077	7.375	 12.393406629562378 
400	160	3	1	601.0000984770287	6.85	 8.2778639793396 
400	160	3	192	621.0014513416844	7.525	 9.060928106307983 
400	160	3	118	618.1815072678414	7.925	 144.2797510623932 
400	160	3	85	615.5464865400306	7.73125	 36.20038175582886 
400	160	3	143	610.7953570541592	8.0875	 11.034253120422363 
400	160	3	55	635.312055176738	7.33125	 7.080330848693848 
400	160	3	197	602.5997855958873	7.4375	 4.946807384490967 
400	160	3	177	608.1293895066361	7.40625	 13.433544635772705 
400	160	3	186	596.2171400273606	8.50625	 22.15843677520752 
400	160	3	157	615.6412632280226	8.20625	 7.856226444244385 
400	160	3	52	606.3936730279152	7.23125	 34.565861225128174 
400	160	3	57	612.0041536457434	8.4125	 141.59718012809753 
400	160	3	80	588.3744782655407	7.19375	 7.161552429199219 
400	160	3	172	611.3231618749719	7.76875	 54.993009090423584 
400	160	3	11	595.597934038339	8.13125	 71.85316872596741 
400	160	3	179	606.3521674719716	7.35	 9.886403322219849 
400	160	3	106	606.9314187328945	7.71875	 14.700690031051636 
400	160	3	37	623.2199167838434	7.6875	 156.35707902908325 
400	160	3	120	599.1454675317783	7.5375	 33.892154932022095 
400	160	3	196	596.9267759379493	9.0625	 13.240999221801758 
400	160	3	19	605.4479014989839	7.7625	 8.754778146743774 
400	160	3	92	608.1780569445715	7.39375	 8.030785322189331 
400	160	3	82	609.2390464066898	7.3375	 4.529873847961426 
400	160	3	74	623.6597638416026	7.84375	 7.594137191772461 
400	160	3	8	615.6058741824163	7.44375	 77.85136651992798 
400	160	3	10	608.9543256768119	7.275	 16.60499620437622 
400	160	3	175	615.4928473427551	7.91875	 41.55600023269653 
400	160	3	6	594.2092474621429	7.3625	 153.4529275894165 
400	160	3	16	598.1978934807067	8.33125	 90.56273245811462 
400	160	3	159	585.2104387165689	8.375	 10.543294429779053 
400	160	3	72	605.9591628300293	7.74375	 140.35483407974243 
400	160	3	155	627.1514943682621	7.6	 139.97169661521912 
400	160	3	121	605.6056972912122	7.9375	 12.674012660980225 
400	160	3	187	602.5932744343925	7.26875	 140.63095545768738 
400	160	3	77	615.0089897645526	7.48125	 88.29097533226013 
400	160	3	173	607.8982211847231	7.225	 144.12596988677979 
400	160	3	188	633.5420649897067	7.475	 8.944173336029053 
400	160	3	60	613.6110309382171	7.16875	 155.49603462219238 
400	160	3	36	615.896973563162	7.63125	 13.12533688545227 
400	160	3	130	614.1929407334518	7.51875	 16.32852816581726 
400	160	3	125	612.4377447617072	8.0375	 136.50729537010193 
400	160	3	147	617.3284178883233	7.3375	 7.936842203140259 
400	160	3	70	594.5402798572131	7.75625	 8.988431453704834 
400	160	3	142	620.944820241611	7.4125	 139.19041991233826 
400	160	3	26	607.5005649028818	7.46875	 9.573294639587402 
400	160	3	43	610.8894138494998	7.5625	 9.571264266967773 
400	160	3	59	598.5665680394053	8.15625	 155.8783667087555 
400	160	3	152	621.2301453563938	7.0	 4.35885763168335 
400	160	3	174	596.2888664019403	7.91875	 144.44610738754272 
400	160	3	50	610.928683962129	7.3125	 6.197704553604126 
400	160	3	90	608.025905934596	7.90625	 5.3057591915130615 
400	160	3	73	616.9901488924647	7.55	 8.935298919677734 
