400	40	3	4	218.59579287286982	6.675	 0.8558921813964844 
400	40	3	2	219.67512189168153	7.375	 0.9632563591003418 
400	40	3	22	218.95500730310104	7.075	 0.9214630126953125 
400	40	3	39	232.73135578698125	7.1	 0.775047779083252 
400	40	3	38	220.40716416185268	6.95	 1.0770115852355957 
400	40	3	41	220.76250804405353	7.1	 1.1394786834716797 
400	40	3	24	218.16797108794088	7.55	 2.2273142337799072 
400	40	3	18	217.10978254077207	6.8	 0.8229160308837891 
400	40	3	37	218.42104225347518	7.1	 1.4955856800079346 
400	40	3	20	216.85296549378583	7.1	 1.2414822578430176 
400	40	3	27	202.70710260644108	7.025	 1.1391019821166992 
400	40	3	40	240.33610006451167	7.675	 2.0833966732025146 
400	40	3	13	219.26163246429422	7.125	 0.7497496604919434 
400	40	3	12	218.25020315895358	6.65	 0.7748293876647949 
400	40	3	11	209.66281346752743	7.375	 0.979926347732544 
400	40	3	8	216.09663712153312	6.725	 1.2762036323547363 
400	40	3	47	213.05576574179642	6.55	 1.174940586090088 
400	40	3	1	212.1823082683556	6.2	 0.7022914886474609 
400	40	3	34	214.89872480033947	7.15	 0.8041892051696777 
400	40	3	44	221.93820966551837	7.0	 0.9936344623565674 
400	40	3	35	220.6271671741532	7.425	 1.0915906429290771 
400	40	3	32	204.61595509015066	7.0	 1.1484425067901611 
400	40	3	58	222.57388415590987	6.85	 0.8963401317596436 
400	40	3	52	211.6094175891849	6.575	 0.6429991722106934 
400	40	3	63	224.51475256303283	6.525	 0.7741508483886719 
400	40	3	67	215.07285082311395	7.275	 0.9471497535705566 
400	40	3	28	227.92166445792733	7.05	 5.630084991455078 
400	40	3	15	224.905599492728	7.325	 1.3176617622375488 
400	40	3	51	221.31469826119962	7.275	 1.5403943061828613 
400	40	3	53	220.80483623115921	7.175	 1.6226041316986084 
400	40	3	25	216.5198673569342	6.85	 0.9991655349731445 
400	40	3	30	209.08666462356163	6.475	 1.2356057167053223 
400	40	3	48	229.60309825487252	7.225	 0.9178948402404785 
400	40	3	98	229.18095467533914	7.025	 0.7023131847381592 
400	40	3	65	224.68899626877945	6.85	 3.2567782402038574 
400	40	3	79	234.57387933303667	7.475	 0.7387361526489258 
400	40	3	49	213.3718831585695	6.575	 0.7340795993804932 
400	40	3	69	217.2380352500076	6.825	 0.747753381729126 
400	40	3	42	212.01340622359473	6.625	 0.6631324291229248 
400	40	3	115	207.69849223888366	6.55	 0.620081901550293 
400	40	3	116	211.64282954840635	7.1	 0.8063557147979736 
400	40	3	101	203.52082318187763	6.55	 1.0059397220611572 
400	40	3	118	226.96764580869214	7.475	 1.0431718826293945 
400	40	3	110	209.81304993899275	6.85	 1.2070646286010742 
400	40	3	158	220.4894440577209	6.6	 0.62430739402771 
400	40	3	151	222.5028115211712	6.95	 0.6304125785827637 
400	40	3	127	232.4268908281089	7.4	 0.8477694988250732 
400	40	3	159	215.11635042751837	6.55	 0.6371960639953613 
400	40	3	160	231.9615800127206	7.075	 0.6656897068023682 
400	40	3	154	211.7780709184784	7.1	 1.7811448574066162 
400	40	3	161	213.38916586141704	6.65	 0.8657262325286865 
400	40	3	84	224.92309087951605	7.45	 0.842780351638794 
400	40	3	163	228.0818020966184	7.225	 0.819281816482544 
400	40	3	95	234.42053162530306	7.15	 0.9751310348510742 
400	40	3	92	208.6103999223511	6.475	 0.9965212345123291 
400	40	3	156	221.6921643671738	6.725	 1.225862979888916 
400	40	3	131	212.88565449678498	6.775	 0.6145195960998535 
400	40	3	141	214.30666392133773	6.825	 0.7228503227233887 
400	40	3	140	232.93408091930732	7.175	 0.6962404251098633 
400	40	3	139	207.70053471969496	6.85	 0.81575608253479 
400	40	3	146	220.70360331826086	6.75	 0.6881058216094971 
400	40	3	66	222.6103999223511	6.825	 1.1420447826385498 
400	40	3	129	218.67099314547056	7.35	 0.6495842933654785 
400	40	3	150	214.34902343953948	6.425	 2.5476632118225098 
400	40	3	75	215.01000643524284	6.55	 1.0303523540496826 
400	40	3	80	213.3161561769176	6.375	 1.1287422180175781 
400	40	3	126	223.66346089638324	6.625	 0.7524664402008057 
400	40	3	113	224.32467075917106	6.925	 1.1464784145355225 
400	40	3	114	222.2034880274565	6.475	 1.1644792556762695 
400	40	3	99	217.57907304976592	7.05	 1.187023401260376 
400	40	3	134	217.0900535874037	7.75	 1.2013719081878662 
400	40	3	93	217.11317268337766	7.15	 0.8000998497009277 
400	40	3	97	222.45313093504623	7.475	 0.8154439926147461 
400	40	3	74	226.36385735610523	7.3	 1.209559679031372 
400	40	3	137	220.69556897839902	6.875	 1.0142312049865723 
400	40	3	148	231.65615922890476	7.25	 0.7369785308837891 
400	40	3	57	214.34340655486344	6.875	 1.2517986297607422 
400	40	3	135	209.47896464610164	7.3	 1.451786756515503 
400	40	3	89	212.91289151446003	7.0	 2.126955986022949 
400	40	3	105	224.44734162935077	7.375	 2.299675941467285 
400	40	3	104	218.2027590695975	6.525	 2.7820725440979004 
400	40	3	182	223.7461859890227	6.6	 0.648470401763916 
400	40	3	197	221.3000863888451	6.9	 1.3525784015655518 
400	40	3	181	203.34000676651135	6.6	 0.6883893013000488 
400	40	3	170	222.42421999761595	6.95	 0.8960371017456055 
400	40	3	6	199.41639805621878	6.55	 0.7900435924530029 
400	40	3	155	223.65151985452155	7.05	 0.6805236339569092 
400	40	3	136	215.07399090931676	6.7	 0.9885621070861816 
400	40	3	169	225.31714222460812	7.1	 0.7641620635986328 
400	40	3	9	222.78610154381585	6.8	 16.703134298324585 
400	40	3	192	218.0027047677644	7.1	 0.6647305488586426 
400	40	3	31	215.2248946536418	6.6	 0.7769410610198975 
400	40	3	196	216.41107829290124	7.55	 1.0561633110046387 
400	40	3	194	224.690711274329	7.325	 1.1990351676940918 
400	40	3	59	216.1465251742979	6.775	 4.201048135757446 
400	40	3	61	225.46022885040935	7.15	 16.576213598251343 
400	40	3	3	221.64155217942343	6.7	 0.6430506706237793 
400	40	3	144	220.52771743553683	7.275	 0.782628059387207 
400	40	3	191	215.75359569372714	6.925	 0.9769570827484131 
400	40	3	100	224.00927747738385	6.875	 14.51875901222229 
400	40	3	164	221.1290980786843	7.225	 0.9996366500854492 
400	40	3	0	209.2283939418221	6.725	 4.821317911148071 
400	40	3	174	214.74205724281165	6.575	 0.7426726818084717 
400	40	3	172	226.34584569539876	7.075	 0.8218584060668945 
400	40	3	106	218.29278472136647	7.1	 9.906054973602295 
400	40	3	54	227.8186705767303	7.7	 0.9853413105010986 
400	40	3	17	215.90632845058695	6.8	 1.208857536315918 
400	40	3	138	214.91702990641738	6.65	 0.7910661697387695 
400	40	3	88	206.1657570591279	7.25	 0.9120113849639893 
400	40	3	85	224.10127167304296	7.15	 0.9192426204681396 
400	40	3	199	213.5995142052613	7.275	 2.838240146636963 
400	40	3	56	224.31079155919994	7.5	 1.5843563079833984 
400	40	3	187	227.01000643524281	6.75	 0.7154622077941895 
400	40	3	184	217.64908071398636	6.95	 0.8280794620513916 
400	40	3	190	237.84110439048197	7.7	 1.317030429840088 
400	40	3	122	221.93236591375785	6.775	 0.7968487739562988 
400	40	3	189	204.3932983221523	7.075	 1.5704419612884521 
400	40	3	178	220.68559648042756	6.8	 3.165292501449585 
400	40	3	166	219.05649469965556	6.45	 0.6887900829315186 
400	40	3	14	216.0771675451085	7.1	 18.438516855239868 
400	40	3	180	220.2307384054022	6.85	 0.8980467319488525 
400	40	3	173	227.18157931049663	6.925	 0.7325747013092041 
400	40	3	112	223.4994154473435	7.475	 14.867143392562866 
400	40	3	179	213.25019833608042	6.45	 0.8115940093994141 
400	40	3	177	219.6179284569141	6.75	 0.6184995174407959 
400	40	3	70	209.59272427430378	6.775	 0.7613115310668945 
400	40	3	90	215.12727392756017	6.925	 20.90088391304016 
400	40	3	165	220.57048436755792	6.75	 0.9264631271362305 
400	40	3	60	207.03214201928716	6.55	 1.2294485569000244 
400	40	3	19	225.95866046676016	7.125	 2.3628435134887695 
400	40	3	16	209.25699791278436	6.95	 12.39455771446228 
400	40	3	162	229.3736029869923	6.975	 1.1642515659332275 
400	40	3	130	225.2090821184341	7.15	 0.8908464908599854 
400	40	3	87	230.3490234395395	6.975	 0.7806074619293213 
400	40	3	23	235.6456809256345	7.1	 35.85159516334534 
400	40	3	64	224.25191816450302	7.075	 2.5601344108581543 
400	40	3	102	221.36187062907106	7.3	 1.0036489963531494 
400	40	3	7	222.19803975665675	7.125	 38.74173855781555 
400	40	3	76	211.1105114986311	6.45	 10.24708604812622 
400	40	3	86	221.52574513858505	7.45	 0.7855312824249268 
400	40	3	21	212.44318155204377	7.3	 35.993610858917236 
400	40	3	119	206.18157931049666	6.3	 0.7453582286834717 
400	40	3	149	234.56391165793846	7.275	 0.751591682434082 
400	40	3	195	224.08520299331934	6.85	 0.9646763801574707 
400	40	3	77	230.4030402385151	7.175	 1.0561251640319824 
400	40	3	29	221.27427096988532	7.475	 44.55548882484436 
400	40	3	71	224.22705003308937	7.3	 35.81857872009277 
400	40	3	157	224.26820999678696	7.15	 34.66237545013428 
400	40	3	145	225.32127097081909	6.9	 0.8674793243408203 
400	40	3	81	224.18304094073903	7.0	 1.0779263973236084 
400	40	3	82	208.69289814790602	6.075	 35.824132204055786 
400	40	3	108	216.70604728166947	6.875	 34.84747362136841 
400	40	3	107	213.34278191970597	7.0	 34.882041454315186 
400	40	3	186	221.13712388114874	7.025	 14.350711584091187 
400	40	3	198	202.49697259228384	6.35	 34.742961406707764 
400	40	3	46	223.1066096195046	7.125	 36.327194690704346 
400	40	3	128	226.16532526116478	7.925	 35.71497440338135 
400	40	3	123	213.74351887305397	6.75	 36.59843158721924 
400	40	3	96	206.6920977888868	6.95	 1.6466052532196045 
400	40	3	167	221.9423384117293	6.65	 35.66577100753784 
400	40	3	120	215.9325831350959	7.15	 0.8398795127868652 
400	40	3	125	229.37382985407675	7.35	 18.5686354637146 
400	40	3	78	229.93068113095538	6.95	 35.91699528694153 
400	40	3	33	213.5288526988663	7.1	 38.4510133266449 
400	40	3	68	213.95523417018552	6.975	 35.665241956710815 
400	40	3	153	235.05916553014845	7.3	 36.09010863304138 
400	40	3	5	220.07790132584074	6.825	 38.49657678604126 
400	40	3	175	215.53860315262654	6.975	 0.8869757652282715 
400	40	3	143	221.55229698298956	7.575	 34.8276104927063 
400	40	3	109	235.8997509180943	7.45	 26.823702812194824 
400	40	3	193	222.85571143996324	7.075	 34.950084924697876 
400	40	3	133	205.97772745223853	6.8	 34.69948172569275 
400	40	3	73	218.81312505467716	6.65	 35.615341663360596 
400	40	3	183	216.67902377080804	6.825	 38.60025668144226 
400	40	3	36	204.01267726573582	6.725	 39.06242251396179 
400	40	3	62	219.60478675219935	7.35	 36.03630828857422 
400	40	3	10	226.01000643524276	6.775	 39.68343734741211 
400	40	3	185	232.60309825487252	7.35	 15.479278564453125 
400	40	3	152	206.45705221461756	6.4	 34.7598192691803 
400	40	3	132	219.7004255741201	7.125	 34.778663873672485 
400	40	3	117	228.40993449217416	7.325	 36.517009019851685 
400	40	3	142	226.44222683544933	7.05	 34.78894782066345 
400	40	3	72	211.78781654936546	6.8	 27.156769514083862 
400	40	3	26	220.91363011806547	6.6	 35.90234112739563 
400	40	3	91	218.78609672094262	6.675	 35.70918345451355 
400	40	3	94	217.32857635282187	7.075	 35.78529596328735 
400	40	3	45	219.4487995450687	6.75	 35.98643469810486 
400	40	3	83	223.11124417101445	7.1	 37.799968957901 
400	40	3	147	217.1980445795299	6.925	 35.92965388298035 
400	40	3	111	239.51402360517378	7.05	 29.790923833847046 
400	40	3	50	220.5198673569343	6.95	 38.828680992126465 
400	40	3	103	219.12387896208133	6.8	 34.854084968566895 
400	40	3	55	227.88832161275366	6.9	 41.526646852493286 
400	40	3	168	213.97698513410865	7.05	 35.75254249572754 
400	40	3	121	231.41180353623594	6.725	 35.72886562347412 
400	40	3	188	227.87444723565577	7.45	 36.64338564872742 
400	40	3	124	214.52082318187772	6.925	 36.548609256744385 
