400	462	3	123	1157.0175057375973	7.96969696969697	 24.84027862548828 
400	462	3	31	1143.000720344947	9.712121212121213	 59.26272892951965 
400	462	3	67	1149.938910309939	9.032467532467532	 47.556368827819824 
400	462	3	195	1164.9125980178833	9.205627705627705	 91.13152146339417 
400	462	3	156	1144.6763747351758	8.813852813852813	 50.20517015457153 
400	462	3	122	1154.7334001907702	8.974025974025974	 71.06427335739136 
400	462	3	129	1135.8216009169353	9.770562770562771	 41.699233055114746 
400	462	3	151	1158.304003659497	8.683982683982684	 44.92097306251526 
400	462	3	128	1140.8391428727518	9.307359307359308	 101.03703022003174 
400	462	3	105	1136.974903005855	9.08008658008658	 129.07823204994202 
400	462	3	100	1120.7445021571696	9.783549783549784	 73.35888814926147 
400	462	3	194	1162.8521383210787	8.980519480519481	 101.4236650466919 
400	462	3	78	1167.911043189289	9.170995670995671	 57.777626752853394 
400	462	3	27	1170.1385366910451	8.781385281385282	 51.80931544303894 
400	462	3	97	1137.4102227010405	10.242424242424242	 195.70544242858887 
400	462	3	182	1168.563601248182	8.744588744588745	 198.79664540290833 
400	462	3	64	1140.1661615430655	9.170995670995671	 56.16941475868225 
400	462	3	178	1148.6012761041225	8.577922077922079	 67.35644507408142 
400	462	3	134	1134.9448586194087	8.893939393939394	 115.84765458106995 
400	462	3	85	1162.9123345218793	8.93939393939394	 40.566017627716064 
400	462	3	18	1140.9924614135734	9.008658008658008	 90.89647388458252 
400	462	3	164	1159.6199028137285	9.653679653679653	 137.67072677612305 
400	462	3	20	1165.3430857013634	8.777056277056277	 63.779179096221924 
400	462	3	193	1147.8896118149767	9.37012987012987	 44.69454503059387 
400	462	3	160	1149.0980263116157	8.448051948051948	 38.018959760665894 
400	462	3	190	1147.9595635986573	9.969696969696969	 121.92972803115845 
400	462	3	184	1161.5077460600926	8.14069264069264	 142.3415777683258 
400	462	3	104	1126.8057806277602	9.036796536796537	 171.90944814682007 
400	462	3	168	1141.189414785488	10.106060606060606	 104.4981620311737 
400	462	3	24	1145.4941123615793	9.452380952380953	 84.89093518257141 
400	462	3	19	1178.4336901424524	8.004329004329005	 48.40166759490967 
400	462	3	159	1145.5841615777545	9.33982683982684	 43.70490908622742 
400	462	3	176	1133.2084139245776	9.543290043290042	 157.9275140762329 
400	462	3	87	1155.5182077956724	8.777056277056277	 82.82929396629333 
400	462	3	145	1169.1899300447083	8.735930735930737	 154.86892199516296 
400	462	3	117	1163.413999565853	9.482683982683982	 33.1762969493866 
400	462	3	79	1168.6458361404123	9.173160173160174	 60.218287229537964 
400	462	3	148	1143.2953240258378	9.294372294372295	 89.98683857917786 
400	462	3	181	1158.6185828018595	8.519480519480519	 217.58629631996155 
400	462	3	131	1163.9135718488303	8.29004329004329	 115.61823678016663 
400	462	3	118	1127.351462336733	9.653679653679653	 159.14506578445435 
400	462	3	112	1128.5787508002745	9.497835497835498	 65.00928592681885 
400	462	3	173	1149.250510004531	8.344155844155845	 80.57886481285095 
400	462	3	48	1142.4424137468814	9.567099567099566	 175.67559480667114 
400	462	3	13	1143.0047521833892	9.341991341991342	 57.223416328430176 
400	462	3	35	1151.2912402725099	8.88961038961039	 159.67338490486145 
400	462	3	199	1178.72473655723	8.409090909090908	 54.69865798950195 
400	462	3	40	1168.6370128957772	8.941558441558442	 256.1044006347656 
400	462	3	198	1149.180985983477	8.854978354978355	 22.858113765716553 
400	462	3	109	1155.0635763131818	8.64935064935065	 137.55066418647766 
400	462	3	56	1143.4830147290772	9.822510822510823	 79.06548738479614 
400	462	3	54	1136.4788032483582	9.268398268398268	 52.00891971588135 
400	462	3	126	1144.0201648847874	9.333333333333334	 68.45418667793274 
400	462	3	192	1152.7168964133996	9.2987012987013	 36.892473220825195 
400	462	3	63	1123.7919940000277	9.896103896103897	 100.43801546096802 
400	462	3	21	1143.8982885276218	9.331168831168831	 58.65301036834717 
400	462	3	146	1144.4332753573608	9.01082251082251	 101.11469459533691 
400	462	3	93	1148.0614499056396	9.597402597402597	 72.8677339553833 
400	462	3	144	1188.0336851686866	7.779220779220779	 44.04331135749817 
400	462	3	53	1134.3284982306557	10.348484848484848	 39.02009677886963 
400	462	3	55	1185.4365522062994	8.463203463203463	 54.76523208618164 
400	462	3	0	1126.6335129269976	9.177489177489177	 77.5118157863617 
400	462	3	5	1153.218891836214	9.025974025974026	 45.60014533996582 
400	462	3	16	1156.5248633622082	8.831168831168831	 33.113173961639404 
400	462	3	69	1139.542657222951	8.62987012987013	 116.88019371032715 
400	462	3	167	1158.336663640954	9.534632034632034	 101.54901432991028 
400	462	3	76	1165.7877495556006	8.930735930735931	 142.53365540504456 
400	462	3	65	1178.6273195270999	8.365800865800866	 216.25400924682617 
400	462	3	197	1144.5593509820328	9.077922077922079	 32.67441463470459 
400	462	3	7	1145.984607458835	9.757575757575758	 116.59724879264832 
400	462	3	41	1142.0218708299788	9.705627705627705	 84.25633120536804 
400	462	3	80	1162.8797602923294	8.616883116883116	 224.07661390304565 
400	462	3	3	1140.1120423954396	8.601731601731602	 49.9756646156311 
400	462	3	84	1153.5869712181957	8.904761904761905	 146.93136763572693 
400	462	3	38	1131.4826075412986	9.422077922077921	 130.28555345535278 
400	462	3	10	1153.6861652448415	9.432900432900434	 43.34123992919922 
400	462	3	88	1149.4075368536753	8.651515151515152	 389.97116899490356 
400	462	3	44	1167.4312304345742	8.956709956709958	 105.56292200088501 
400	462	3	39	1146.2211903715054	9.484848484848484	 91.05116200447083 
400	462	3	2	1188.7790561430295	8.471861471861471	 204.64058327674866 
400	462	3	102	1155.2327301686682	9.192640692640692	 182.9184911251068 
400	462	3	17	1156.1668718519911	9.264069264069263	 61.99765872955322 
400	462	3	154	1169.1721334979832	8.651515151515152	 53.77074098587036 
400	462	3	30	1130.0600550288373	9.186147186147187	 392.1248576641083 
400	462	3	142	1155.307988269344	8.632034632034632	 25.255069494247437 
400	462	3	115	1123.4528777912521	9.824675324675324	 54.47830152511597 
400	462	3	120	1138.2223519083354	8.61038961038961	 145.84064197540283 
400	462	3	196	1157.0044639721593	9.255411255411255	 113.09887647628784 
400	462	3	189	1132.7199787761904	9.32034632034632	 373.3459324836731 
400	462	3	180	1131.503694892688	9.822510822510823	 176.90294933319092 
400	462	3	158	1153.6766425561682	9.502164502164502	 387.5624542236328 
400	462	3	175	1146.773970857523	9.229437229437229	 249.0327548980713 
400	462	3	94	1159.3418936051398	8.803030303030303	 71.08782362937927 
400	462	3	25	1156.024098570445	8.575757575757576	 394.04968523979187 
400	462	3	28	1163.2292585424173	8.391774891774892	 54.83239030838013 
400	462	3	99	1160.1895282132052	8.872294372294371	 71.82340717315674 
400	462	3	4	1168.979837282601	8.515151515151516	 242.91825461387634 
400	462	3	163	1167.066038906088	9.028138528138529	 158.19417691230774 
400	462	3	83	1135.4177631741509	9.352813852813853	 66.33660364151001 
400	462	3	89	1155.4672408346319	9.826839826839826	 74.61480498313904 
400	462	3	29	1152.2603420468536	8.87012987012987	 426.9870946407318 
400	462	3	92	1119.309103048365	9.402597402597403	 178.29278421401978 
400	462	3	114	1168.6134981892285	8.917748917748918	 213.12265992164612 
400	462	3	113	1139.3042134667292	9.857142857142858	 233.63630747795105 
400	462	3	136	1144.4778553237968	9.106060606060606	 126.51345610618591 
400	462	3	90	1127.816730438557	9.426406926406926	 179.65446853637695 
400	462	3	66	1156.864597135311	9.316017316017316	 385.3634729385376 
400	462	3	137	1148.768139585626	8.813852813852813	 77.72689890861511 
400	462	3	86	1147.1010881240168	9.645021645021645	 143.8733365535736 
400	462	3	58	1134.5827309982515	9.729437229437229	 234.1581108570099 
400	462	3	143	1169.9107763083632	9.443722943722944	 107.00838875770569 
400	462	3	12	1138.694356244392	9.20995670995671	 229.57593750953674 
400	462	3	172	1142.2669543842164	9.854978354978355	 392.3390338420868 
400	462	3	42	1166.3613652313354	8.547619047619047	 143.0079002380371 
400	462	3	170	1152.751388383759	9.136363636363637	 186.48268270492554 
400	462	3	140	1162.128678140652	9.266233766233766	 124.21686100959778 
400	462	3	11	1157.8646294960063	10.212121212121213	 165.1327748298645 
400	462	3	57	1179.7799334816953	8.781385281385282	 173.3816237449646 
400	462	3	22	1166.8211105253984	8.508658008658008	 391.11713337898254 
400	462	3	110	1145.6677919397487	8.785714285714286	 262.4407548904419 
400	462	3	95	1155.4937120283455	8.984848484848484	 236.58514547348022 
400	462	3	171	1156.5375773496035	8.683982683982684	 394.82006645202637 
400	462	3	43	1153.5067017852186	9.268398268398268	 57.91334366798401 
400	462	3	77	1140.285406439462	9.292207792207792	 39.92232298851013 
400	462	3	141	1132.5942293397163	9.235930735930737	 43.909849643707275 
400	462	3	149	1120.6742940894678	9.651515151515152	 391.0225579738617 
400	462	3	51	1138.4958986428467	8.714285714285714	 389.2145097255707 
400	462	3	135	1167.6492698022669	8.651515151515152	 74.65744423866272 
400	462	3	68	1162.3437521832857	8.64069264069264	 83.26692914962769 
400	462	3	1	1139.552715103552	8.807359307359308	 245.0149848461151 
400	462	3	75	1164.0889953099827	8.582251082251082	 256.8094880580902 
400	462	3	188	1160.9141415172162	9.33982683982684	 56.78727173805237 
400	462	3	26	1161.54190501928	8.91991341991342	 161.45152521133423 
400	462	3	121	1171.7051127744287	8.030303030303031	 396.0680456161499 
400	462	3	71	1155.2939592423506	8.666666666666666	 388.9781668186188 
400	462	3	187	1154.4339641195295	8.567099567099566	 396.7901327610016 
400	462	3	98	1193.5802516279591	8.85930735930736	 396.83991408348083 
400	462	3	106	1138.056147719193	9.151515151515152	 66.27592706680298 
400	462	3	152	1143.4848377832257	9.127705627705629	 389.365770816803 
400	462	3	9	1167.4893869504253	8.874458874458874	 261.2536587715149 
400	462	3	130	1150.9184182078704	9.521645021645021	 398.8175518512726 
400	462	3	179	1141.596482066565	8.634199134199134	 367.0961513519287 
400	462	3	61	1162.916004166847	8.623376623376624	 128.83963680267334 
400	462	3	37	1140.2780154133397	9.714285714285714	 152.84657430648804 
400	462	3	101	1132.7561761875302	9.597402597402597	 410.65850806236267 
400	462	3	165	1147.4225443337505	8.803030303030303	 33.330790519714355 
400	462	3	124	1166.191547710041	8.424242424242424	 255.87665104866028 
400	462	3	147	1165.9570688892159	8.813852813852813	 44.49365162849426 
400	462	3	62	1173.6732647036088	8.601731601731602	 56.971070766448975 
400	462	3	49	1148.9754036231523	8.79004329004329	 111.23889327049255 
400	462	3	183	1164.2164720814073	8.69047619047619	 42.44459867477417 
400	462	3	33	1144.6869136389068	9.054112554112555	 72.11476230621338 
400	462	3	185	1162.0252850073916	9.3008658008658	 225.76758670806885 
400	462	3	23	1180.24071487425	8.467532467532468	 389.53642892837524 
400	462	3	161	1145.2021184635573	8.971861471861471	 272.84480023384094 
400	462	3	47	1122.785148556871	10.017316017316018	 180.0369861125946 
400	462	3	82	1161.3471007549017	8.352813852813853	 335.51776576042175 
400	462	3	96	1147.0623074716493	9.127705627705629	 389.91714429855347 
400	462	3	91	1155.6053572828123	9.218614718614718	 326.11447072029114 
400	462	3	191	1155.3959133562867	9.253246753246753	 134.995530128479 
400	462	3	59	1143.1825049980578	9.058441558441558	 291.86002373695374 
400	462	3	162	1140.759225929671	9.207792207792208	 388.06269693374634 
400	462	3	157	1120.6388960997858	9.603896103896103	 168.4157099723816 
400	462	3	72	1141.0966356562292	8.98917748917749	 136.07157039642334 
400	462	3	34	1168.8569459256366	8.854978354978355	 150.3570795059204 
400	462	3	107	1159.5507361020946	8.69047619047619	 388.7855432033539 
400	462	3	8	1132.562349454731	9.584415584415584	 233.57882452011108 
400	462	3	177	1160.1585037795103	8.922077922077921	 139.69001054763794 
400	462	3	111	1131.76942624617	9.937229437229437	 401.55035281181335 
400	462	3	116	1142.7109308263043	8.841991341991342	 210.5400173664093 
400	462	3	103	1149.936926565283	9.054112554112555	 384.6410622596741 
400	462	3	119	1150.2944165797066	8.58874458874459	 89.53709864616394 
400	462	3	139	1147.8660772120688	9.19047619047619	 387.64236092567444 
400	462	3	14	1150.8955963374658	9.216450216450216	 343.6546399593353 
400	462	3	155	1142.1966397750614	9.3008658008658	 387.07852578163147 
400	462	3	15	1168.1833896345645	8.582251082251082	 403.53880047798157 
400	462	3	36	1144.6484818970885	9.880952380952381	 139.38197541236877 
400	462	3	150	1153.868794701393	9.29004329004329	 365.16046237945557 
400	462	3	70	1166.0333315168218	8.86147186147186	 72.89350748062134 
400	462	3	127	1149.2912839803162	9.354978354978355	 98.73997592926025 
400	462	3	46	1133.3902569099885	9.606060606060606	 387.9467890262604 
400	462	3	186	1161.5170357671534	9.558441558441558	 333.3588297367096 
400	462	3	153	1171.0684217730786	8.716450216450216	 392.91820764541626 
400	462	3	81	1137.8748730701454	9.294372294372295	 381.2155168056488 
400	462	3	52	1170.8628368725833	8.965367965367966	 389.32904267311096 
400	462	3	50	1132.295519942632	9.435064935064934	 385.5099973678589 
400	462	3	32	1142.4893092441125	9.764069264069263	 386.6650869846344 
400	462	3	174	1136.3402674233814	9.283549783549784	 99.81371569633484 
400	462	3	166	1165.8202517313348	8.134199134199134	 42.64713501930237 
400	462	3	73	1162.0163065604263	8.75974025974026	 137.9630570411682 
400	462	3	60	1152.742875089398	8.279220779220779	 382.79590797424316 
400	462	3	133	1162.951351251054	8.668831168831169	 396.10730838775635 
400	462	3	125	1151.0122042793776	9.153679653679653	 292.85489678382874 
400	462	3	6	1135.1940408600026	9.095238095238095	 123.48115491867065 
