400	230	3	22	771.0754992857982	7.517391304347826	 7.592808485031128 
400	230	3	139	767.260299259854	7.978260869565218	 19.20816683769226 
400	230	3	67	776.4818923666775	8.065217391304348	 9.446040630340576 
400	230	3	35	777.5405271334384	7.765217391304348	 9.430860042572021 
400	230	3	164	778.8590736532066	8.339130434782609	 10.023527383804321 
400	230	3	97	762.2020993665507	8.339130434782609	 11.570892572402954 
400	230	3	182	777.5651680805032	7.682608695652174	 18.954824686050415 
400	230	3	31	781.6696586148537	7.8652173913043475	 10.408612251281738 
400	230	3	79	771.3757831350204	8.382608695652173	 14.762704133987427 
400	230	3	100	776.4744323594617	7.547826086956522	 14.215835809707642 
400	230	3	169	770.1426314164897	8.395652173913044	 21.05246877670288 
400	230	3	25	748.2801578691233	8.495652173913044	 9.928671836853027 
400	230	3	122	783.2780221012647	7.804347826086956	 9.15641450881958 
400	230	3	135	762.1008438698426	7.8130434782608695	 8.581776857376099 
400	230	3	105	754.4112491622378	7.760869565217392	 14.705163955688477 
400	230	3	134	771.2908134568198	7.8478260869565215	 15.471235036849976 
400	230	3	89	758.1131817175756	8.47391304347826	 14.291882038116455 
400	230	3	93	761.1708291169148	8.947826086956521	 20.122594356536865 
400	230	3	126	773.9682939863968	7.430434782608696	 11.29983925819397 
400	230	3	184	788.7085173863611	7.456521739130435	 11.95737600326538 
400	230	3	113	767.8142209052664	9.02608695652174	 18.920176029205322 
400	230	3	151	759.5705189065781	8.056521739130435	 20.25158929824829 
400	230	3	27	769.6934968626608	7.78695652173913	 21.29298448562622 
400	230	3	129	771.8045240523248	7.991304347826087	 11.644883155822754 
400	230	3	2	775.1181539545328	8.882608695652173	 36.39299464225769 
400	230	3	148	768.0407805716276	7.717391304347826	 18.569666862487793 
400	230	3	30	773.8100172197946	8.256521739130434	 13.656274557113647 
400	230	3	24	791.5822459567497	7.656521739130435	 11.202078819274902 
400	230	3	195	793.3763035665436	8.082608695652175	 12.318263053894043 
400	230	3	44	761.582678178212	8.065217391304348	 24.949206590652466 
400	230	3	146	757.6050738244506	8.343478260869565	 35.576998233795166 
400	230	3	0	756.1840825402684	7.982608695652174	 16.79802942276001 
400	230	3	64	744.3029255100184	8.543478260869565	 17.22162652015686 
400	230	3	41	759.0077721642878	8.7	 10.579440593719482 
400	230	3	12	768.7579530467327	8.41304347826087	 46.518548250198364 
400	230	3	3	770.0176992956987	7.621739130434783	 20.166027545928955 
400	230	3	104	745.2314634634886	8.204347826086957	 9.711236953735352 
400	230	3	170	772.6795794745673	7.921739130434783	 13.202857494354248 
400	230	3	180	760.9118935214323	8.834782608695653	 18.449084758758545 
400	230	3	58	759.333327828376	8.069565217391304	 24.046169757843018 
400	230	3	47	772.9472529109203	7.960869565217391	 13.126852989196777 
400	230	3	112	758.7621318762003	8.778260869565218	 20.30124831199646 
400	230	3	46	760.2563265181674	8.61304347826087	 20.607975482940674 
400	230	3	101	765.3081534090887	7.456521739130435	 31.1263587474823 
400	230	3	61	764.9268326790377	7.8478260869565215	 23.890167474746704 
400	230	3	189	747.7348288957842	8.41304347826087	 50.695783615112305 
400	230	3	133	756.7790335605243	7.726086956521739	 36.16833567619324 
400	230	3	86	760.6703364137029	7.886956521739131	 18.522245407104492 
400	230	3	14	778.485354823706	7.995652173913044	 19.826254844665527 
400	230	3	78	794.4924541689244	7.643478260869565	 19.91936755180359 
400	230	3	194	763.1251587005496	7.643478260869565	 11.175004482269287 
400	230	3	87	770.4207933409972	7.869565217391305	 42.41483974456787 
400	230	3	29	764.9404892646886	8.447826086956521	 14.340340852737427 
400	230	3	198	755.2586120724183	7.7043478260869565	 8.557059526443481 
400	230	3	98	786.4085311340948	8.704347826086957	 20.646688222885132 
400	230	3	145	766.8520849198793	8.73913043478261	 9.022207975387573 
400	230	3	5	752.5407683692304	8.352173913043478	 19.016891717910767 
400	230	3	178	755.1492198834483	7.8478260869565215	 12.53226351737976 
400	230	3	176	777.1366520672116	7.586956521739131	 24.90726399421692 
400	230	3	158	779.5672793170297	8.156521739130435	 58.223947525024414 
400	230	3	160	755.2564041141326	7.6173913043478265	 16.307092905044556 
400	230	3	123	762.7445555824125	7.356521739130435	 16.422335386276245 
400	230	3	128	769.9399260450101	8.108695652173912	 26.939163208007812 
400	230	3	56	762.8485364668	8.743478260869566	 14.965237379074097 
400	230	3	156	755.3585878870238	8.452173913043477	 82.19754219055176 
400	230	3	9	786.6994900448495	8.443478260869565	 68.35472440719604 
400	230	3	49	773.126245439087	8.195652173913043	 16.028022289276123 
400	230	3	114	768.1279048333065	7.995652173913044	 82.34194159507751 
400	230	3	110	768.9433545489159	7.8	 75.208167552948 
400	230	3	75	774.6748510539634	7.443478260869565	 12.04904818534851 
400	230	3	17	760.9293827188825	8.043478260869565	 8.661710977554321 
400	230	3	54	778.2241129862451	8.117391304347827	 20.4612398147583 
400	230	3	84	769.5953931796968	8.347826086956522	 16.93210244178772 
400	230	3	23	776.7026128333189	8.252173913043478	 59.46971535682678 
400	230	3	193	774.36767543701	8.130434782608695	 72.71164560317993 
400	230	3	144	772.8027618078022	7.721739130434782	 18.09316611289978 
400	230	3	66	761.8168989743126	8.52608695652174	 49.366469860076904 
400	230	3	117	777.2042862158174	7.856521739130435	 44.06425333023071 
400	230	3	131	756.9547100440559	7.821739130434783	 15.00719141960144 
400	230	3	63	761.8860286145901	8.47391304347826	 26.952906370162964 
400	230	3	115	785.2523965663743	7.391304347826087	 25.567604780197144 
400	230	3	109	763.5372090415101	8.173913043478262	 11.886178016662598 
400	230	3	40	771.5055556035155	7.886956521739131	 58.09741520881653 
400	230	3	124	767.9507492425876	7.78695652173913	 10.499626159667969 
400	230	3	168	772.8418833342824	8.243478260869566	 18.64263391494751 
400	230	3	65	775.2843574081929	8.082608695652175	 12.637492179870605 
400	230	3	83	759.9978732725614	8.38695652173913	 49.90648603439331 
400	230	3	28	771.9298964124852	7.647826086956521	 26.890174627304077 
400	230	3	48	757.6873890148779	8.469565217391304	 14.580685377120972 
400	230	3	190	788.0213129537198	8.304347826086957	 12.965468883514404 
400	230	3	181	747.8744005048474	8.178260869565218	 11.488196849822998 
400	230	3	7	759.9789395101778	8.57391304347826	 15.68283748626709 
400	230	3	149	747.7853177809645	8.408695652173913	 85.47547006607056 
400	230	3	34	767.401665479154	8.208695652173914	 118.01646971702576 
400	230	3	118	766.5221391372963	8.465217391304348	 7.396406650543213 
400	230	3	4	767.4088372846188	7.7	 81.75068855285645 
400	230	3	45	765.8904344033241	8.0	 21.425047159194946 
400	230	3	108	770.9396103326583	8.195652173913043	 24.94849967956543 
400	230	3	33	758.7348236052599	7.643478260869565	 36.065839529037476 
400	230	3	95	741.7680438595876	8.991304347826087	 83.45987701416016 
400	230	3	103	764.3625452541788	8.343478260869565	 19.957821130752563 
400	230	3	197	762.0638849076352	7.643478260869565	 14.405836582183838 
400	230	3	57	793.0605361228008	7.834782608695652	 7.778440952301025 
400	230	3	20	789.24844659277	7.8478260869565215	 49.94499135017395 
400	230	3	132	756.6382402595142	7.860869565217391	 47.23960781097412 
400	230	3	199	752.7415753659553	8.726086956521739	 87.808664560318 
400	230	3	68	755.4748968866696	7.826086956521739	 15.799996852874756 
400	230	3	107	759.4560405975047	8.373913043478261	 25.146252393722534 
400	230	3	80	750.7625008184452	7.395652173913043	 11.90194058418274 
400	230	3	18	752.9604404234768	7.869565217391305	 29.72403335571289 
400	230	3	186	770.4632023344858	8.095652173913043	 18.06635594367981 
400	230	3	111	776.5484944496852	8.273913043478261	 95.29609704017639 
400	230	3	51	774.2721783436133	7.526086956521739	 33.39394283294678 
400	230	3	96	768.9012135194598	8.347826086956522	 21.68213939666748 
400	230	3	102	781.3929070037835	7.8652173913043475	 38.88152241706848 
400	230	3	21	776.5009793581658	7.695652173913044	 13.423662900924683 
400	230	3	157	753.3289667573741	8.58695652173913	 29.726827144622803 
400	230	3	172	752.654737641994	8.47391304347826	 14.967616081237793 
400	230	3	39	774.0320277399355	8.02608695652174	 20.58022379875183 
400	230	3	55	772.5218085175517	8.21304347826087	 29.82269287109375 
400	230	3	1	760.258931618256	7.534782608695652	 40.984466314315796 
400	230	3	85	782.3060033761573	8.143478260869566	 19.324375867843628 
400	230	3	167	765.0870727066939	8.565217391304348	 48.10570287704468 
400	230	3	177	770.942478194896	7.947826086956522	 9.961717128753662 
400	230	3	161	741.7694162156256	8.730434782608695	 197.56667232513428 
400	230	3	141	772.113418686623	7.656521739130435	 197.36211323738098 
400	230	3	32	762.2047179071891	7.682608695652174	 160.41358518600464 
400	230	3	143	772.0928890762027	8.504347826086956	 45.188178300857544 
400	230	3	99	765.8917152841705	8.013043478260869	 22.33719563484192 
400	230	3	15	791.9537670516786	8.104347826086956	 40.70393681526184 
400	230	3	150	763.658506146444	7.826086956521739	 199.45633387565613 
400	230	3	116	754.8766689868986	7.843478260869565	 203.35427808761597 
400	230	3	185	764.8495049120042	8.956521739130435	 36.16731286048889 
400	230	3	69	772.950549371237	7.586956521739131	 208.59084391593933 
400	230	3	162	777.4636430969424	7.626086956521739	 11.268173694610596 
400	230	3	92	745.1394958829314	8.669565217391304	 12.294091701507568 
400	230	3	137	786.2024483471938	7.539130434782609	 205.6512529850006 
400	230	3	13	767.1420095330151	8.234782608695653	 111.91765260696411 
400	230	3	138	761.7533726114741	7.991304347826087	 205.43582844734192 
400	230	3	77	780.0165186368657	7.808695652173913	 7.562594890594482 
400	230	3	76	773.072788148775	7.647826086956521	 33.74354338645935 
400	230	3	155	768.8860896165279	8.434782608695652	 25.19000816345215 
400	230	3	121	770.9622093440771	7.3652173913043475	 19.140137910842896 
400	230	3	175	767.6909112112287	8.139130434782608	 22.272724628448486 
400	230	3	16	774.2757553435049	7.917391304347826	 13.82540488243103 
400	230	3	38	758.184868811965	7.808695652173913	 24.221800565719604 
400	230	3	154	762.440306279994	7.8652173913043475	 25.60111141204834 
400	230	3	187	762.6861339353948	8.191304347826087	 27.66365647315979 
400	230	3	71	763.3587378901296	8.252173913043478	 179.67548966407776 
400	230	3	196	752.6630188160369	8.734782608695653	 45.7246413230896 
400	230	3	191	776.2867872906417	7.3478260869565215	 210.2605435848236 
400	230	3	91	774.1777117041696	8.0	 150.84524750709534 
400	230	3	42	774.610689514919	7.578260869565217	 213.6686520576477 
400	230	3	159	749.6326471434711	8.408695652173913	 26.45574378967285 
400	230	3	81	762.268744918701	8.182608695652174	 10.45068883895874 
400	230	3	8	775.1778490476805	7.817391304347826	 26.80842876434326 
400	230	3	19	767.757207546124	8.134782608695652	 81.9553210735321 
400	230	3	130	757.0372430797987	8.556521739130435	 27.065866708755493 
400	230	3	53	772.3204300252746	8.552173913043479	 201.61150646209717 
400	230	3	173	749.1623582860333	7.982608695652174	 75.78249526023865 
400	230	3	26	771.6056041889595	7.917391304347826	 39.09720706939697 
400	230	3	119	755.5939152513947	8.008695652173913	 29.15312910079956 
400	230	3	59	746.0380882125355	8.539130434782608	 24.60891103744507 
400	230	3	166	755.9744549222406	8.282608695652174	 145.09431171417236 
400	230	3	52	760.3720119299124	7.913043478260869	 10.18142056465149 
400	230	3	163	786.5495576171922	8.269565217391305	 200.04929757118225 
400	230	3	43	762.5676798730753	8.013043478260869	 42.34414291381836 
400	230	3	94	765.0125239907046	7.469565217391304	 201.29389071464539 
400	230	3	192	776.5221957045737	7.908695652173913	 161.5701220035553 
400	230	3	174	755.6594533939611	7.8478260869565215	 20.606982707977295 
400	230	3	152	750.0676602204559	8.117391304347827	 30.64475154876709 
400	230	3	90	761.342824199225	8.234782608695653	 8.401161670684814 
400	230	3	120	757.5688079358905	7.508695652173913	 11.672921657562256 
400	230	3	62	760.3786831765907	8.013043478260869	 75.9490008354187 
400	230	3	179	756.0426527958714	8.265217391304347	 196.65038347244263 
400	230	3	142	783.0970683211993	7.7956521739130435	 16.554739475250244 
400	230	3	106	751.049496542598	8.421739130434782	 40.891181230545044 
400	230	3	165	758.5573415370569	7.804347826086956	 126.01107382774353 
400	230	3	140	766.612581622164	8.678260869565218	 197.32740569114685 
400	230	3	74	770.489614215391	8.482608695652173	 25.204739093780518 
400	230	3	72	767.0475132059589	7.6347826086956525	 11.817102193832397 
400	230	3	127	780.115943625143	8.347826086956522	 205.9347665309906 
400	230	3	11	765.3480693056426	8.57391304347826	 222.74849200248718 
400	230	3	82	777.0594870542704	7.173913043478261	 203.7045681476593 
400	230	3	153	754.752185469355	8.360869565217392	 200.0120985507965 
400	230	3	37	766.2369142008731	8.02608695652174	 47.13478398323059 
400	230	3	6	764.4122230564346	7.6	 210.07373356819153 
400	230	3	125	753.0748309136583	8.147826086956522	 14.713759660720825 
400	230	3	10	775.5114505597296	7.439130434782609	 223.48519945144653 
400	230	3	36	776.1342917339144	8.147826086956522	 17.067027807235718 
400	230	3	60	768.0224170104269	7.565217391304348	 204.78633761405945 
400	230	3	183	774.4162645685543	7.960869565217391	 15.443875312805176 
400	230	3	50	758.1737132271376	8.38695652173913	 47.03137278556824 
400	230	3	73	763.7928923301746	8.278260869565218	 200.45636987686157 
