200	524	12	18	2696.0	2.3893129770992365	0.02112889289855957
200	524	12	25	2663.0	2.4103053435114505	0.0214083194732666
200	524	12	153	2713.0	2.4446564885496183	0.022133588790893555
200	524	12	37	2586.0	2.3969465648854964	0.021320819854736328
200	524	12	103	2602.0	2.400763358778626	0.021486759185791016
200	524	12	150	2702.0	2.4122137404580153	0.023224592208862305
200	524	12	73	2665.0	2.4217557251908395	0.021236658096313477
200	524	12	61	2590.0	2.400763358778626	0.021014690399169922
200	524	12	33	2649.0	2.4064885496183206	0.023210525512695312
200	524	12	155	2641.0	2.4255725190839694	0.021655797958374023
200	524	12	40	2498.0	2.3435114503816794	0.020257949829101562
200	524	12	72	2473.0	2.383587786259542	0.02079296112060547
200	524	12	19	2604.0	2.377862595419847	0.022821426391601562
200	524	12	178	2693.0	2.41793893129771	0.02149486541748047
200	524	12	88	2663.0	2.437022900763359	0.021396398544311523
200	524	12	66	2598.0	2.3931297709923665	0.02184462547302246
200	524	12	151	2726.0	2.446564885496183	0.023236989974975586
200	524	12	156	2522.0	2.3625954198473282	0.020892858505249023
200	524	12	50	2650.0	2.400763358778626	0.02129340171813965
200	524	12	75	2473.0	2.345419847328244	0.020760774612426758
200	524	12	35	2602.0	2.354961832061069	0.020936012268066406
200	524	12	54	2715.0	2.41793893129771	0.02137613296508789
200	524	12	53	2641.0	2.41793893129771	0.021585464477539062
200	524	12	173	2531.0	2.3568702290076335	0.02242422103881836
200	524	12	64	2509.0	2.3568702290076335	0.02159714698791504
200	524	12	41	2760.0	2.4083969465648853	0.021802186965942383
200	524	12	181	2624.0	2.381679389312977	0.02100825309753418
200	524	12	176	2638.0	2.427480916030534	0.021435022354125977
200	524	12	171	2580.0	2.377862595419847	0.023386716842651367
200	524	12	5	2658.0	2.385496183206107	0.021610021591186523
200	524	12	104	2545.0	2.398854961832061	0.021128416061401367
200	524	12	93	2695.0	2.4026717557251906	0.022185325622558594
200	524	12	52	2555.0	2.3874045801526718	0.02124190330505371
200	524	12	58	2561.0	2.383587786259542	0.021030187606811523
200	524	12	49	2603.0	2.3530534351145036	0.021151304244995117
200	524	12	170	2635.0	2.41412213740458	0.023528575897216797
200	524	12	130	2614.0	2.431297709923664	0.021163225173950195
200	524	12	76	2750.0	2.381679389312977	0.021199941635131836
200	524	12	45	2620.0	2.354961832061069	0.020799636840820312
200	524	12	97	2615.0	2.3759541984732824	0.021142959594726562
200	524	12	160	2643.0	2.4103053435114505	0.02199244499206543
200	524	12	94	2642.0	2.3893129770992365	0.021451950073242188
200	524	12	127	2644.0	2.4160305343511452	0.021723508834838867
200	524	12	165	2717.0	2.41412213740458	0.021075010299682617
200	524	12	69	2659.0	2.398854961832061	0.020999908447265625
200	524	12	125	2573.0	2.3874045801526718	0.021592378616333008
200	524	12	62	2634.0	2.4122137404580153	0.021413326263427734
200	524	12	135	2614.0	2.3702290076335877	0.020783185958862305
200	524	12	129	2812.0	2.3931297709923665	0.020678043365478516
200	524	12	159	2804.0	2.435114503816794	0.02088618278503418
200	524	12	51	2629.0	2.364503816793893	0.022615909576416016
200	524	12	65	2601.0	2.41793893129771	0.022813081741333008
200	524	12	55	2814.0	2.4427480916030535	0.02173018455505371
200	524	12	87	2738.0	2.435114503816794	0.021104812622070312
200	524	12	70	2796.0	2.435114503816794	0.022821664810180664
200	524	12	79	2652.0	2.4083969465648853	0.0214388370513916
200	524	12	157	2539.0	2.41793893129771	0.02135753631591797
200	524	12	143	2649.0	2.4255725190839694	0.02221989631652832
200	524	12	138	2548.0	2.3740458015267176	0.021390914916992188
200	524	12	63	2719.0	2.4255725190839694	0.023036479949951172
200	524	12	106	2626.0	2.3969465648854964	0.021163463592529297
200	524	12	164	2743.0	2.437022900763359	0.021150827407836914
200	524	12	193	2702.0	2.431297709923664	0.022070884704589844
200	524	12	42	2751.0	2.437022900763359	0.0219576358795166
200	524	12	177	2704.0	2.4427480916030535	0.022803306579589844
200	524	12	121	2640.0	2.4198473282442747	0.022171497344970703
200	524	12	22	2671.0	2.395038167938931	0.020873546600341797
200	524	12	38	2726.0	2.4122137404580153	0.021604299545288086
200	524	12	28	2691.0	2.4293893129770994	0.021778106689453125
200	524	12	74	2689.0	2.4293893129770994	0.021663427352905273
200	524	12	199	2729.0	2.383587786259542	0.021244525909423828
200	524	12	46	2629.0	2.4217557251908395	0.023563861846923828
200	524	12	15	2517.0	2.41412213740458	0.0215151309967041
200	524	12	27	2637.0	2.4255725190839694	0.02128434181213379
200	524	12	7	2556.0	2.3702290076335877	0.020952224731445312
200	524	12	198	2591.0	2.398854961832061	0.021183252334594727
200	524	12	134	2702.0	2.3893129770992365	0.02072930335998535
200	524	12	136	2685.0	2.4064885496183206	0.0209958553314209
200	524	12	105	2674.0	2.400763358778626	0.0212252140045166
200	524	12	100	2726.0	2.4198473282442747	0.021790504455566406
200	524	12	0	2676.0	2.400763358778626	0.020858049392700195
200	524	12	92	2678.0	2.4083969465648853	0.02209949493408203
200	524	12	124	2575.0	2.4064885496183206	0.021161317825317383
200	524	12	122	2570.0	2.377862595419847	0.020918846130371094
200	524	12	158	2521.0	2.395038167938931	0.0214385986328125
200	524	12	131	2566.0	2.4122137404580153	0.02152228355407715
200	524	12	148	2574.0	2.400763358778626	0.021146774291992188
200	524	12	196	2699.0	2.383587786259542	0.02077007293701172
200	524	12	13	2665.0	2.433206106870229	0.022011280059814453
200	524	12	17	2642.0	2.4122137404580153	0.021183490753173828
200	524	12	145	2586.0	2.381679389312977	0.02041172981262207
200	524	12	163	2701.0	2.41793893129771	0.02116084098815918
200	524	12	183	2506.0	2.377862595419847	0.02123713493347168
200	524	12	29	2477.0	2.345419847328244	0.021029949188232422
200	524	12	43	2749.0	2.4293893129770994	0.02115011215209961
200	524	12	71	2728.0	2.4160305343511452	0.021369218826293945
200	524	12	60	2530.0	2.377862595419847	0.020779132843017578
200	524	12	59	2732.0	2.427480916030534	0.021385669708251953
200	524	12	12	2683.0	2.3759541984732824	0.020752668380737305
200	524	12	9	2714.0	2.4198473282442747	0.021802663803100586
200	524	12	68	2642.0	2.435114503816794	0.02334427833557129
200	524	12	141	2603.0	2.383587786259542	0.021088600158691406
200	524	12	139	2514.0	2.3740458015267176	0.02122354507446289
200	524	12	32	2592.0	2.3893129770992365	0.02126026153564453
200	524	12	16	2731.0	2.41793893129771	0.021266460418701172
200	524	12	11	2559.0	2.4026717557251906	0.021342754364013672
200	524	12	47	2554.0	2.33206106870229	0.02213311195373535
200	524	12	98	2515.0	2.383587786259542	0.02290058135986328
200	524	12	162	2721.0	2.463740458015267	0.024080514907836914
200	524	12	30	2618.0	2.385496183206107	0.02170586585998535
200	524	12	194	2664.0	2.4083969465648853	0.02154374122619629
200	524	12	192	2701.0	2.3874045801526718	0.021193265914916992
200	524	12	133	2603.0	2.4026717557251906	0.0208280086517334
200	524	12	34	2640.0	2.3969465648854964	0.021263837814331055
200	524	12	2	2678.0	2.4656488549618323	0.021636247634887695
200	524	12	169	2665.0	2.4064885496183206	0.02293086051940918
200	524	12	20	2812.0	2.404580152671756	0.02121448516845703
200	524	12	126	2723.0	2.437022900763359	0.02129387855529785
200	524	12	78	2667.0	2.4217557251908395	0.021794795989990234
200	524	12	39	2550.0	2.385496183206107	0.02107405662536621
200	524	12	56	2547.0	2.372137404580153	0.020866870880126953
200	524	12	8	2626.0	2.404580152671756	0.023254871368408203
200	524	12	152	2579.0	2.364503816793893	0.020313501358032227
200	524	12	195	2567.0	2.395038167938931	0.020920276641845703
200	524	12	132	2537.0	2.372137404580153	0.021394968032836914
200	524	12	184	2671.0	2.41412213740458	0.021793842315673828
200	524	12	101	2646.0	2.446564885496183	0.02182602882385254
200	524	12	187	2626.0	2.366412213740458	0.020795345306396484
200	524	12	189	2510.0	2.385496183206107	0.02110004425048828
200	524	12	26	2589.0	2.3912213740458017	0.023174047470092773
200	524	12	6	2620.0	2.3625954198473282	0.020768404006958008
200	524	12	44	2777.0	2.448473282442748	0.023890972137451172
200	524	12	117	2786.0	2.427480916030534	0.02191615104675293
200	524	12	67	2609.0	2.4064885496183206	0.023453712463378906
200	524	12	118	2622.0	2.4160305343511452	0.021508455276489258
200	524	12	99	2741.0	2.4026717557251906	0.022301197052001953
200	524	12	85	2499.0	2.345419847328244	0.02250051498413086
200	524	12	168	2545.0	2.4026717557251906	0.023380517959594727
200	524	12	166	2718.0	2.427480916030534	0.022939443588256836
200	524	12	197	2684.0	2.3893129770992365	0.022403478622436523
200	524	12	142	2574.0	2.404580152671756	0.02239823341369629
200	524	12	36	2656.0	2.4160305343511452	0.021100521087646484
200	524	12	174	2668.0	2.4122137404580153	0.022291183471679688
200	524	12	120	2587.0	2.398854961832061	0.02105569839477539
200	524	12	80	2663.0	2.41793893129771	0.023922204971313477
200	524	12	147	2693.0	2.4255725190839694	0.021553754806518555
200	524	12	83	2683.0	2.395038167938931	0.022073030471801758
200	524	12	179	2554.0	2.385496183206107	0.020884990692138672
200	524	12	77	2646.0	2.4236641221374047	0.022681474685668945
200	524	12	161	2804.0	2.4198473282442747	0.021416187286376953
200	524	12	4	2670.0	2.3893129770992365	0.023630142211914062
200	524	12	23	2557.0	2.3797709923664123	0.022104978561401367
200	524	12	57	2621.0	2.4064885496183206	0.02132892608642578
200	524	12	140	2488.0	2.354961832061069	0.02216649055480957
200	524	12	180	2611.0	2.395038167938931	0.021228313446044922
200	524	12	116	2648.0	2.4236641221374047	0.022607088088989258
200	524	12	24	2710.0	2.3969465648854964	0.021047353744506836
200	524	12	96	2694.0	2.400763358778626	0.022673606872558594
200	524	12	154	2651.0	2.4103053435114505	0.023524045944213867
200	524	12	146	2536.0	2.4083969465648853	0.021077394485473633
200	524	12	149	2678.0	2.4198473282442747	0.021816015243530273
200	524	12	10	2632.0	2.385496183206107	0.022556543350219727
200	524	12	21	2706.0	2.400763358778626	0.02181077003479004
200	524	12	91	2672.0	2.4083969465648853	0.023451805114746094
200	524	12	14	2745.0	2.448473282442748	0.023784875869750977
200	524	12	112	2698.0	2.400763358778626	0.023117780685424805
200	524	12	31	2718.0	2.4618320610687023	0.023923158645629883
200	524	12	3	2620.0	2.404580152671756	0.021348953247070312
200	524	12	115	2715.0	2.4103053435114505	0.023438215255737305
200	524	12	48	2657.0	2.3912213740458017	0.02120351791381836
200	524	12	137	2708.0	2.427480916030534	0.022460460662841797
200	524	12	191	2616.0	2.3740458015267176	0.022642850875854492
200	524	12	123	2554.0	2.3893129770992365	0.02131366729736328
200	524	12	90	2648.0	2.4122137404580153	0.02386760711669922
200	524	12	190	2680.0	2.4083969465648853	0.023509740829467773
200	524	12	84	2671.0	2.4026717557251906	0.024168729782104492
200	524	12	128	2630.0	2.431297709923664	0.021651506423950195
200	524	12	1	2585.0	2.41793893129771	0.02174997329711914
200	524	12	185	2536.0	2.354961832061069	0.02243638038635254
200	524	12	119	2596.0	2.3740458015267176	0.023003339767456055
200	524	12	89	2601.0	2.349236641221374	0.02216362953186035
200	524	12	186	2691.0	2.4026717557251906	0.02332758903503418
200	524	12	82	2793.0	2.433206106870229	0.02381443977355957
200	524	12	109	2605.0	2.368320610687023	0.022808074951171875
200	524	12	175	2551.0	2.3759541984732824	0.021213293075561523
200	524	12	144	2584.0	2.4083969465648853	0.021548748016357422
200	524	12	172	2569.0	2.4217557251908395	0.023443222045898438
200	524	12	110	2611.0	2.364503816793893	0.023032188415527344
200	524	12	86	2668.0	2.4160305343511452	0.024188518524169922
200	524	12	95	2719.0	2.4293893129770994	0.021417617797851562
200	524	12	182	2530.0	2.351145038167939	0.02094101905822754
200	524	12	108	2713.0	2.4103053435114505	0.0233914852142334
200	524	12	188	2560.0	2.3473282442748094	0.020459651947021484
200	524	12	113	2508.0	2.351145038167939	0.021283626556396484
200	524	12	81	2633.0	2.3530534351145036	0.021917343139648438
200	524	12	111	2910.0	2.435114503816794	0.02228569984436035
200	524	12	114	2635.0	2.3606870229007635	0.021687746047973633
200	524	12	167	2565.0	2.3568702290076335	0.020097970962524414
200	524	12	107	2581.0	2.4103053435114505	0.022913217544555664
200	524	12	102	2758.0	2.4618320610687023	0.02201557159423828
