200	1180	12	53	9851.0	2.4228813559322036	0.046523094177246094
200	1180	12	103	9759.0	2.4059322033898307	0.050841569900512695
200	1180	12	129	9828.0	2.386440677966102	0.048897743225097656
200	1180	12	59	9838.0	2.4016949152542373	0.047019243240356445
200	1180	12	127	10222.0	2.4322033898305087	0.04902505874633789
200	1180	12	37	9574.0	2.388135593220339	0.04644918441772461
200	1180	12	40	9410.0	2.3627118644067795	0.045313358306884766
200	1180	12	92	9732.0	2.4033898305084747	0.05261564254760742
200	1180	12	18	9919.0	2.3872881355932205	0.0510711669921875
200	1180	12	176	9510.0	2.3813559322033897	0.04703950881958008
200	1180	12	179	9549.0	2.3872881355932205	0.04700016975402832
200	1180	12	131	9867.0	2.4059322033898307	0.048024892807006836
200	1180	12	156	9584.0	2.3966101694915256	0.04675006866455078
200	1180	12	72	9554.0	2.369491525423729	0.04518604278564453
200	1180	12	141	9756.0	2.4033898305084747	0.050345420837402344
200	1180	12	49	9898.0	2.3779661016949154	0.05099058151245117
200	1180	12	25	9881.0	2.3991525423728812	0.052658796310424805
200	1180	12	5	10076.0	2.4135593220338984	0.04825425148010254
200	1180	12	64	9562.0	2.369491525423729	0.05054020881652832
200	1180	12	55	10217.0	2.43135593220339	0.050374746322631836
200	1180	12	35	9771.0	2.380508474576271	0.04621386528015137
200	1180	12	76	9872.0	2.3559322033898304	0.04540562629699707
200	1180	12	61	9618.0	2.3745762711864407	0.05087995529174805
200	1180	12	173	9519.0	2.3872881355932205	0.05063772201538086
200	1180	12	99	9784.0	2.3796610169491523	0.05046987533569336
200	1180	12	23	9865.0	2.4059322033898307	0.05239605903625488
200	1180	12	195	9604.0	2.4016949152542373	0.05061817169189453
200	1180	12	181	9886.0	2.389830508474576	0.04645514488220215
200	1180	12	73	10046.0	2.4203389830508475	0.046486616134643555
200	1180	12	138	9646.0	2.3847457627118644	0.05079221725463867
200	1180	12	41	9868.0	2.4016949152542373	0.04780411720275879
200	1180	12	196	10106.0	2.3983050847457625	0.04720330238342285
200	1180	12	78	10025.0	2.4042372881355933	0.0510098934173584
200	1180	12	130	9808.0	2.4101694915254237	0.047554731369018555
200	1180	12	38	9933.0	2.4127118644067798	0.04750990867614746
200	1180	12	94	9859.0	2.3872881355932205	0.051621198654174805
200	1180	12	161	10223.0	2.409322033898305	0.04538559913635254
200	1180	12	154	9864.0	2.4152542372881354	0.04765605926513672
200	1180	12	159	10022.0	2.428813559322034	0.04575300216674805
200	1180	12	42	9914.0	2.411864406779661	0.052558183670043945
200	1180	12	160	9756.0	2.3966101694915256	0.047319650650024414
200	1180	12	134	9556.0	2.364406779661017	0.0458064079284668
200	1180	12	27	9879.0	2.4110169491525424	0.05131840705871582
200	1180	12	128	9730.0	2.406779661016949	0.047646284103393555
200	1180	12	124	9619.0	2.397457627118644	0.047724246978759766
200	1180	12	69	9901.0	2.385593220338983	0.050611019134521484
200	1180	12	155	9880.0	2.422033898305085	0.05155134201049805
200	1180	12	178	9839.0	2.4076271186440676	0.04893922805786133
200	1180	12	45	9703.0	2.3771186440677967	0.050253868103027344
200	1180	12	58	9608.0	2.405084745762712	0.04854249954223633
200	1180	12	191	9910.0	2.4033898305084747	0.050449371337890625
200	1180	12	6	9469.0	2.356779661016949	0.04709124565124512
200	1180	12	7	9661.0	2.3838983050847458	0.04827737808227539
200	1180	12	79	9844.0	2.388135593220339	0.05083155632019043
200	1180	12	75	9758.0	2.3796610169491523	0.04921531677246094
200	1180	12	177	10026.0	2.41864406779661	0.04952406883239746
200	1180	12	135	9909.0	2.3940677966101696	0.04723215103149414
200	1180	12	165	9568.0	2.369491525423729	0.045797109603881836
200	1180	12	148	9698.0	2.393220338983051	0.05121445655822754
200	1180	12	199	9870.0	2.376271186440678	0.045896291732788086
200	1180	12	12	9864.0	2.3915254237288135	0.05095624923706055
200	1180	12	121	10249.0	2.4364406779661016	0.052597761154174805
200	1180	12	164	10129.0	2.4228813559322036	0.04691791534423828
200	1180	12	9	10117.0	2.414406779661017	0.05214357376098633
200	1180	12	33	9976.0	2.4169491525423727	0.048786163330078125
200	1180	12	143	10026.0	2.4203389830508475	0.052742719650268555
200	1180	12	150	10108.0	2.411864406779661	0.04970741271972656
200	1180	12	65	10141.0	2.4177966101694914	0.0517735481262207
200	1180	12	183	9536.0	2.393220338983051	0.049042701721191406
200	1180	12	68	9774.0	2.405084745762712	0.05130624771118164
200	1180	12	62	9888.0	2.4016949152542373	0.050966739654541016
200	1180	12	88	10128.0	2.4305084745762713	0.04623985290527344
200	1180	12	152	9762.0	2.388135593220339	0.04623007774353027
200	1180	12	57	9985.0	2.4177966101694914	0.049184560775756836
200	1180	12	15	9392.0	2.3813559322033897	0.0504612922668457
200	1180	12	0	9833.0	2.4127118644067798	0.04735541343688965
200	1180	12	190	10173.0	2.4177966101694914	0.04728841781616211
200	1180	12	158	9586.0	2.3847457627118644	0.04795718193054199
200	1180	12	29	9595.0	2.3822033898305084	0.05159473419189453
200	1180	12	30	9617.0	2.3889830508474574	0.05128955841064453
200	1180	12	39	9726.0	2.383050847457627	0.0468287467956543
200	1180	12	198	9795.0	2.409322033898305	0.04660844802856445
200	1180	12	105	10029.0	2.409322033898305	0.046889305114746094
200	1180	12	104	9834.0	2.3983050847457625	0.0462033748626709
200	1180	12	145	9700.0	2.3966101694915256	0.049338579177856445
200	1180	12	50	10113.0	2.402542372881356	0.04958939552307129
200	1180	12	122	9755.0	2.3872881355932205	0.051378488540649414
200	1180	12	97	9721.0	2.3872881355932205	0.04939579963684082
200	1180	12	91	10261.0	2.43135593220339	0.051796913146972656
200	1180	12	93	9979.0	2.4059322033898307	0.051572322845458984
200	1180	12	84	9981.0	2.409322033898305	0.049468278884887695
200	1180	12	51	9775.0	2.3686440677966103	0.04681897163391113
200	1180	12	54	9898.0	2.3966101694915256	0.04591870307922363
200	1180	12	132	9504.0	2.3796610169491523	0.05061221122741699
200	1180	12	11	9838.0	2.405084745762712	0.051674604415893555
200	1180	12	22	10110.0	2.422033898305085	0.04736161231994629
200	1180	12	56	9972.0	2.4237288135593222	0.04698824882507324
200	1180	12	153	9942.0	2.4305084745762713	0.04852914810180664
200	1180	12	163	10026.0	2.428813559322034	0.05120086669921875
200	1180	12	166	9974.0	2.41864406779661	0.0486598014831543
200	1180	12	87	10441.0	2.4364406779661016	0.046262264251708984
200	1180	12	194	10029.0	2.4042372881355933	0.048377037048339844
200	1180	12	174	9950.0	2.4101694915254237	0.049837589263916016
200	1180	12	1	9792.0	2.4084745762711863	0.04753994941711426
200	1180	12	21	9720.0	2.4	0.046541690826416016
200	1180	12	119	10065.0	2.402542372881356	0.046859025955200195
200	1180	12	106	9785.0	2.397457627118644	0.047565460205078125
200	1180	12	10	9917.0	2.402542372881356	0.05145430564880371
200	1180	12	126	10158.0	2.428813559322034	0.05035877227783203
200	1180	12	187	9563.0	2.373728813559322	0.0505826473236084
200	1180	12	70	10102.0	2.4237288135593222	0.05209541320800781
200	1180	12	171	9605.0	2.397457627118644	0.05217456817626953
200	1180	12	192	10196.0	2.422033898305085	0.05269050598144531
200	1180	12	180	9932.0	2.4016949152542373	0.04734539985656738
200	1180	12	67	9664.0	2.3949152542372882	0.05065584182739258
200	1180	12	110	9607.0	2.3838983050847458	0.050933122634887695
200	1180	12	17	10095.0	2.4177966101694914	0.04765939712524414
200	1180	12	71	10173.0	2.4127118644067798	0.04990553855895996
200	1180	12	34	10035.0	2.416101694915254	0.05102801322937012
200	1180	12	47	9616.0	2.3813559322033897	0.04969644546508789
200	1180	12	100	10049.0	2.4110169491525424	0.04845309257507324
200	1180	12	184	9793.0	2.4042372881355933	0.05149269104003906
200	1180	12	19	9651.0	2.3838983050847458	0.04647946357727051
200	1180	12	31	9935.0	2.414406779661017	0.05138349533081055
200	1180	12	89	9955.0	2.3872881355932205	0.04817676544189453
200	1180	12	116	9916.0	2.4237288135593222	0.04786491394042969
200	1180	12	43	9873.0	2.3872881355932205	0.04663705825805664
200	1180	12	168	9738.0	2.4033898305084747	0.050652265548706055
200	1180	12	169	9754.0	2.388135593220339	0.04987168312072754
200	1180	12	123	9675.0	2.390677966101695	0.05079913139343262
200	1180	12	83	9996.0	2.405084745762712	0.04717898368835449
200	1180	12	52	9648.0	2.4	0.048549652099609375
200	1180	12	24	9942.0	2.4152542372881354	0.048589468002319336
200	1180	12	139	9470.0	2.3915254237288135	0.05119585990905762
200	1180	12	26	9701.0	2.402542372881356	0.05068373680114746
200	1180	12	90	9844.0	2.405084745762712	0.05187249183654785
200	1180	12	46	9978.0	2.41864406779661	0.05132341384887695
200	1180	12	44	10080.0	2.4203389830508475	0.05508112907409668
200	1180	12	151	9923.0	2.4110169491525424	0.04738879203796387
200	1180	12	117	10220.0	2.4237288135593222	0.05262112617492676
200	1180	12	147	10052.0	2.4152542372881354	0.04775881767272949
200	1180	12	13	9757.0	2.43135593220339	0.050711870193481445
200	1180	12	28	9943.0	2.4042372881355933	0.05082988739013672
200	1180	12	4	9530.0	2.388135593220339	0.04596519470214844
200	1180	12	74	10060.0	2.4271186440677965	0.05201458930969238
200	1180	12	182	9631.0	2.3771186440677967	0.04538416862487793
200	1180	12	101	9726.0	2.3915254237288135	0.04638504981994629
200	1180	12	186	10112.0	2.411864406779661	0.05059194564819336
200	1180	12	96	9696.0	2.4	0.050704240798950195
200	1180	12	60	9795.0	2.395762711864407	0.04681706428527832
200	1180	12	144	9853.0	2.4076271186440676	0.04649925231933594
200	1180	12	16	10028.0	2.3949152542372882	0.050099849700927734
200	1180	12	162	9809.0	2.4296610169491526	0.04946565628051758
200	1180	12	142	9507.0	2.380508474576271	0.04980969429016113
200	1180	12	133	10048.0	2.4237288135593222	0.0454401969909668
200	1180	12	137	9978.0	2.4169491525423727	0.04903006553649902
200	1180	12	112	10046.0	2.4101694915254237	0.052518606185913086
200	1180	12	146	9801.0	2.390677966101695	0.04892444610595703
200	1180	12	20	9874.0	2.388135593220339	0.050566673278808594
200	1180	12	113	9625.0	2.3822033898305084	0.04931354522705078
200	1180	12	140	9688.0	2.393220338983051	0.05103278160095215
200	1180	12	8	9664.0	2.393220338983051	0.04847264289855957
200	1180	12	85	9391.0	2.3686440677966103	0.04695391654968262
200	1180	12	86	9903.0	2.409322033898305	0.04763650894165039
200	1180	12	36	9648.0	2.4135593220338984	0.0496063232421875
200	1180	12	185	9773.0	2.3940677966101696	0.051111698150634766
200	1180	12	189	9741.0	2.3991525423728812	0.04814291000366211
200	1180	12	98	9813.0	2.395762711864407	0.05181455612182617
200	1180	12	157	10090.0	2.422033898305085	0.04706215858459473
200	1180	12	193	9821.0	2.4177966101694914	0.046866416931152344
200	1180	12	32	9767.0	2.3838983050847458	0.051221370697021484
200	1180	12	149	9830.0	2.4084745762711863	0.051088809967041016
200	1180	12	170	9822.0	2.4084745762711863	0.05215620994567871
200	1180	12	66	9597.0	2.385593220338983	0.05110669136047363
200	1180	12	2	9563.0	2.4228813559322036	0.04689168930053711
200	1180	12	77	9814.0	2.428813559322034	0.047296762466430664
200	1180	12	48	9883.0	2.409322033898305	0.051065683364868164
200	1180	12	14	10028.0	2.4322033898305087	0.05167531967163086
200	1180	12	115	9954.0	2.411864406779661	0.053113698959350586
200	1180	12	136	9913.0	2.402542372881356	0.04851722717285156
200	1180	12	125	9694.0	2.3983050847457625	0.049837589263916016
200	1180	12	197	9940.0	2.3949152542372882	0.04683232307434082
200	1180	12	63	9876.0	2.422033898305085	0.051192522048950195
200	1180	12	3	9821.0	2.4008474576271186	0.04737043380737305
200	1180	12	172	9967.0	2.4296610169491526	0.050673484802246094
200	1180	12	175	9818.0	2.405084745762712	0.0472719669342041
200	1180	12	82	10367.0	2.438135593220339	0.04906177520751953
200	1180	12	114	9799.0	2.3822033898305084	0.05086088180541992
200	1180	12	109	9935.0	2.3771186440677967	0.049259185791015625
200	1180	12	111	10148.0	2.4152542372881354	0.05266213417053223
200	1180	12	120	9935.0	2.4177966101694914	0.05021333694458008
200	1180	12	108	10122.0	2.4169491525423727	0.0516970157623291
200	1180	12	81	9583.0	2.392372881355932	0.048021793365478516
200	1180	12	80	10035.0	2.4177966101694914	0.04876899719238281
200	1180	12	118	9880.0	2.422033898305085	0.048951148986816406
200	1180	12	95	10099.0	2.416101694915254	0.049767255783081055
200	1180	12	188	9610.0	2.3728813559322033	0.050682783126831055
200	1180	12	107	9600.0	2.3847457627118644	0.05159950256347656
200	1180	12	102	10223.0	2.4364406779661016	0.052190542221069336
200	1180	12	167	9700.0	2.3796610169491523	0.046003103256225586
