200	2370	12	35	34079.0	2.40042194092827	0.10165858268737793
200	2370	12	59	33664.0	2.4042194092827005	0.09453439712524414
200	2370	12	103	34106.0	2.4143459915611816	0.09656739234924316
200	2370	12	196	33439.0	2.380168776371308	0.09067010879516602
200	2370	12	72	33156.0	2.3839662447257384	0.10001182556152344
200	2370	12	129	34462.0	2.4075949367088607	0.0935049057006836
200	2370	12	181	33478.0	2.3738396624472573	0.09521079063415527
200	2370	12	55	34463.0	2.4265822784810127	0.09352493286132812
200	2370	12	159	34506.0	2.409282700421941	0.0931391716003418
200	2370	12	53	33466.0	2.4050632911392404	0.09891581535339355
200	2370	12	99	34548.0	2.4126582278481012	0.09726619720458984
200	2370	12	50	34458.0	2.4016877637130802	0.10258126258850098
200	2370	12	179	32909.0	2.3877637130801688	0.10161471366882324
200	2370	12	61	33350.0	2.3907172995780592	0.10211062431335449
200	2370	12	68	33831.0	2.40126582278481	0.10194849967956543
200	2370	12	25	33428.0	2.3864978902953586	0.09499096870422363
200	2370	12	134	33625.0	2.3962025316455695	0.09250950813293457
200	2370	12	58	33901.0	2.408016877637131	0.10256290435791016
200	2370	12	18	33768.0	2.392405063291139	0.1019899845123291
200	2370	12	92	33205.0	2.3852320675105485	0.10011672973632812
200	2370	12	84	33795.0	2.39789029535865	0.10181760787963867
200	2370	12	71	34852.0	2.4084388185654007	0.10082650184631348
200	2370	12	186	34214.0	2.4016877637130802	0.10253262519836426
200	2370	12	121	33951.0	2.4063291139240506	0.09783220291137695
200	2370	12	6	33756.0	2.3932489451476795	0.09773087501525879
200	2370	12	106	33540.0	2.3949367088607594	0.09471702575683594
200	2370	12	40	33186.0	2.3763713080168776	0.10055828094482422
200	2370	12	37	33380.0	2.389873417721519	0.09177923202514648
200	2370	12	130	33694.0	2.4008438818565403	0.10344529151916504
200	2370	12	69	33748.0	2.381434599156118	0.10120630264282227
200	2370	12	5	35167.0	2.410548523206751	0.10256791114807129
200	2370	12	143	34615.0	2.4232067510548525	0.10176777839660645
200	2370	12	73	34651.0	2.418987341772152	0.09349560737609863
200	2370	12	153	34017.0	2.418987341772152	0.09643745422363281
200	2370	12	183	33651.0	2.4054852320675106	0.09817910194396973
200	2370	12	154	34773.0	2.4164556962025316	0.09716629981994629
200	2370	12	195	33949.0	2.4054852320675106	0.09144783020019531
200	2370	12	23	34485.0	2.4071729957805905	0.10120534896850586
200	2370	12	97	33693.0	2.391139240506329	0.10120654106140137
200	2370	12	152	33408.0	2.3797468354430378	0.09028267860412598
200	2370	12	158	34123.0	2.3953586497890296	0.09209799766540527
200	2370	12	198	33436.0	2.389029535864979	0.09406447410583496
200	2370	12	128	33835.0	2.409704641350211	0.10265278816223145
200	2370	12	88	35163.0	2.4265822784810127	0.0943000316619873
200	2370	12	93	33828.0	2.4008438818565403	0.10206270217895508
200	2370	12	156	34158.0	2.4084388185654007	0.09673833847045898
200	2370	12	74	34338.0	2.4151898734177215	0.09436607360839844
200	2370	12	148	34031.0	2.40042194092827	0.09479784965515137
200	2370	12	160	34384.0	2.3974683544303796	0.09344768524169922
200	2370	12	22	34404.0	2.4219409282700424	0.09928369522094727
200	2370	12	78	34509.0	2.4046413502109703	0.09464812278747559
200	2370	12	155	33651.0	2.3987341772151898	0.09348940849304199
200	2370	12	177	34529.0	2.411392405063291	0.09622073173522949
200	2370	12	75	33705.0	2.386919831223629	0.09521770477294922
200	2370	12	10	34152.0	2.416877637130802	0.10247254371643066
200	2370	12	41	33476.0	2.3856540084388187	0.0998983383178711
200	2370	12	56	33831.0	2.408860759493671	0.10154008865356445
200	2370	12	100	34664.0	2.4185654008438817	0.10491776466369629
200	2370	12	70	34177.0	2.4130801687763714	0.10354137420654297
200	2370	12	54	33770.0	2.3797468354430378	0.09837579727172852
200	2370	12	180	33479.0	2.3936708860759492	0.09978270530700684
200	2370	12	42	34274.0	2.4059071729957804	0.10177159309387207
200	2370	12	139	34019.0	2.4063291139240506	0.09609580039978027
200	2370	12	76	34344.0	2.381434599156118	0.09750819206237793
200	2370	12	62	34092.0	2.4050632911392404	0.10464024543762207
200	2370	12	27	34621.0	2.428270042194093	0.10102581977844238
200	2370	12	173	33734.0	2.4151898734177215	0.10062646865844727
200	2370	12	65	34256.0	2.410126582278481	0.10251641273498535
200	2370	12	44	35432.0	2.431223628691983	0.09958934783935547
200	2370	12	52	33806.0	2.413502109704641	0.10159134864807129
200	2370	12	30	33995.0	2.3987341772151898	0.10134601593017578
200	2370	12	32	33808.0	2.39915611814346	0.10210704803466797
200	2370	12	194	34770.0	2.413502109704641	0.09340834617614746
200	2370	12	11	34089.0	2.4130801687763714	0.10301804542541504
200	2370	12	138	33904.0	2.392405063291139	0.10187458992004395
200	2370	12	49	33893.0	2.3877637130801688	0.09810113906860352
200	2370	12	29	34130.0	2.3966244725738397	0.0996553897857666
200	2370	12	12	33823.0	2.3936708860759492	0.10144972801208496
200	2370	12	131	34213.0	2.408860759493671	0.09311938285827637
200	2370	12	24	34277.0	2.4037974683544303	0.10088872909545898
200	2370	12	113	32936.0	2.3772151898734175	0.10067534446716309
200	2370	12	89	34417.0	2.3962025316455695	0.09816813468933105
200	2370	12	7	33698.0	2.392405063291139	0.09368276596069336
200	2370	12	178	34536.0	2.4244725738396626	0.10065507888793945
200	2370	12	142	33562.0	2.388185654008439	0.10187482833862305
200	2370	12	38	34601.0	2.4130801687763714	0.10107898712158203
200	2370	12	164	34870.0	2.4118143459915613	0.09565043449401855
200	2370	12	141	33767.0	2.39957805907173	0.1017460823059082
200	2370	12	104	34184.0	2.3966244725738397	0.09195637702941895
200	2370	12	165	33495.0	2.3767932489451478	0.09242415428161621
200	2370	12	15	33087.0	2.389451476793249	0.10297179222106934
200	2370	12	119	33740.0	2.3966244725738397	0.10200905799865723
200	2370	12	51	33594.0	2.392405063291139	0.10182714462280273
200	2370	12	150	34328.0	2.409282700421941	0.09436368942260742
200	2370	12	60	33968.0	2.4042194092827005	0.09952497482299805
200	2370	12	191	34481.0	2.4139240506329114	0.0981895923614502
200	2370	12	124	33548.0	2.4042194092827005	0.0980978012084961
200	2370	12	34	34355.0	2.4139240506329114	0.09998822212219238
200	2370	12	136	34079.0	2.4071729957805905	0.09450292587280273
200	2370	12	184	33950.0	2.4118143459915613	0.0953969955444336
200	2370	12	77	34003.0	2.4206751054852322	0.1015632152557373
200	2370	12	126	34648.0	2.409282700421941	0.10109210014343262
200	2370	12	79	33865.0	2.3860759493670884	0.0931544303894043
200	2370	12	91	35742.0	2.4329113924050634	0.10083985328674316
200	2370	12	171	33687.0	2.3860759493670884	0.10393786430358887
200	2370	12	19	33706.0	2.3940928270042194	0.09780764579772949
200	2370	12	132	33855.0	2.3945147679324896	0.09417533874511719
200	2370	12	163	34452.0	2.419409282700422	0.09339451789855957
200	2370	12	9	34350.0	2.413502109704641	0.10457921028137207
200	2370	12	1	33238.0	2.3864978902953586	0.09030795097351074
200	2370	12	8	33635.0	2.3936708860759492	0.10137391090393066
200	2370	12	145	33583.0	2.3987341772151898	0.10140466690063477
200	2370	12	168	33395.0	2.389451476793249	0.10248088836669922
200	2370	12	94	34197.0	2.39789029535865	0.10135293006896973
200	2370	12	36	34331.0	2.408860759493671	0.09890079498291016
200	2370	12	147	35067.0	2.419831223628692	0.09500694274902344
200	2370	12	17	34382.0	2.4067510548523208	0.10268163681030273
200	2370	12	64	33014.0	2.3856540084388187	0.10327386856079102
200	2370	12	46	34419.0	2.412236286919831	0.10243678092956543
200	2370	12	98	34245.0	2.4172995780590716	0.10179734230041504
200	2370	12	28	33931.0	2.409704641350211	0.10508203506469727
200	2370	12	0	34212.0	2.416877637130802	0.09356856346130371
200	2370	12	182	34227.0	2.390295358649789	0.09274625778198242
200	2370	12	176	33222.0	2.378902953586498	0.09402108192443848
200	2370	12	187	33380.0	2.389873417721519	0.09706497192382812
200	2370	12	2	33606.0	2.4067510548523208	0.09293437004089355
200	2370	12	67	34088.0	2.4059071729957804	0.10228586196899414
200	2370	12	16	34535.0	2.3962025316455695	0.10131716728210449
200	2370	12	189	33615.0	2.3953586497890296	0.0939018726348877
200	2370	12	116	33980.0	2.4	0.09405708312988281
200	2370	12	122	34266.0	2.4143459915611816	0.09882068634033203
200	2370	12	185	34468.0	2.4059071729957804	0.09602236747741699
200	2370	12	190	33598.0	2.410970464135021	0.09385538101196289
200	2370	12	33	34226.0	2.413502109704641	0.1018674373626709
200	2370	12	144	34562.0	2.4118143459915613	0.0974416732788086
200	2370	12	39	33731.0	2.3953586497890296	0.09534192085266113
200	2370	12	135	34382.0	2.4075949367088607	0.0949547290802002
200	2370	12	169	34141.0	2.3987341772151898	0.09455394744873047
200	2370	12	45	33145.0	2.3877637130801688	0.10347509384155273
200	2370	12	188	33638.0	2.3848101265822783	0.0976555347442627
200	2370	12	149	34277.0	2.412236286919831	0.09862637519836426
200	2370	12	57	34304.0	2.409282700421941	0.10286188125610352
200	2370	12	174	33669.0	2.408860759493671	0.09646177291870117
200	2370	12	192	34037.0	2.409704641350211	0.10433483123779297
200	2370	12	43	33567.0	2.391139240506329	0.09561729431152344
200	2370	12	199	34345.0	2.3945147679324896	0.09915375709533691
200	2370	12	26	33722.0	2.3932489451476795	0.10053515434265137
200	2370	12	96	33574.0	2.3949367088607594	0.10165739059448242
200	2370	12	21	33822.0	2.39915611814346	0.0946967601776123
200	2370	12	13	34349.0	2.4257383966244728	0.10252022743225098
200	2370	12	117	34200.0	2.3957805907172998	0.09892463684082031
200	2370	12	146	34400.0	2.3974683544303796	0.09753036499023438
200	2370	12	151	34416.0	2.40253164556962	0.09724068641662598
200	2370	12	127	34479.0	2.409704641350211	0.09544062614440918
200	2370	12	137	34544.0	2.410970464135021	0.0962672233581543
200	2370	12	125	33729.0	2.3962025316455695	0.09964656829833984
200	2370	12	105	34020.0	2.39915611814346	0.09817385673522949
200	2370	12	166	34184.0	2.4227848101265823	0.1028594970703125
200	2370	12	14	34178.0	2.413502109704641	0.10239410400390625
200	2370	12	161	34514.0	2.4160337552742615	0.10094070434570312
200	2370	12	20	34303.0	2.391139240506329	0.09367871284484863
200	2370	12	47	33694.0	2.392405063291139	0.10101747512817383
200	2370	12	101	33768.0	2.3966244725738397	0.10199809074401855
200	2370	12	31	34136.0	2.4075949367088607	0.10111355781555176
200	2370	12	115	33423.0	2.3945147679324896	0.10128211975097656
200	2370	12	170	33907.0	2.4206751054852322	0.1033470630645752
200	2370	12	172	34420.0	2.413502109704641	0.10322952270507812
200	2370	12	140	33982.0	2.39915611814346	0.0996544361114502
200	2370	12	110	33691.0	2.408016877637131	0.10317492485046387
200	2370	12	87	34383.0	2.408860759493671	0.09168004989624023
200	2370	12	114	33584.0	2.382278481012658	0.10064530372619629
200	2370	12	63	34091.0	2.39789029535865	0.1020669937133789
200	2370	12	86	33823.0	2.4139240506329114	0.10315537452697754
200	2370	12	85	33562.0	2.3940928270042194	0.09850764274597168
200	2370	12	193	33954.0	2.409282700421941	0.09561705589294434
200	2370	12	4	33496.0	2.3949367088607594	0.09343385696411133
200	2370	12	133	33977.0	2.408016877637131	0.0939171314239502
200	2370	12	90	34201.0	2.4164556962025316	0.10502147674560547
200	2370	12	162	34449.0	2.419831223628692	0.09349179267883301
200	2370	12	123	34236.0	2.4050632911392404	0.09684300422668457
200	2370	12	48	33156.0	2.3932489451476795	0.10128188133239746
200	2370	12	3	34567.0	2.421518987341772	0.09435510635375977
200	2370	12	80	34475.0	2.4147679324894513	0.0974273681640625
200	2370	12	81	33390.0	2.4059071729957804	0.09561419486999512
200	2370	12	83	34532.0	2.410126582278481	0.10192084312438965
200	2370	12	82	34272.0	2.40253164556962	0.09437680244445801
200	2370	12	120	34353.0	2.410548523206751	0.09602475166320801
200	2370	12	197	33828.0	2.4050632911392404	0.09839224815368652
200	2370	12	111	34846.0	2.416877637130802	0.10390114784240723
200	2370	12	109	33986.0	2.3974683544303796	0.09737753868103027
200	2370	12	66	33600.0	2.388185654008439	0.09994912147521973
200	2370	12	112	33954.0	2.410970464135021	0.10340642929077148
200	2370	12	108	34315.0	2.4054852320675106	0.09766626358032227
200	2370	12	175	33398.0	2.3966244725738397	0.09821224212646484
200	2370	12	157	34923.0	2.4139240506329114	0.09049820899963379
200	2370	12	102	34610.0	2.4118143459915613	0.09429359436035156
200	2370	12	95	34064.0	2.4126582278481012	0.09667658805847168
200	2370	12	118	34513.0	2.4232067510548525	0.1006162166595459
200	2370	12	107	33218.0	2.378902953586498	0.10091543197631836
200	2370	12	167	33493.0	2.39957805907173	0.09442019462585449
