100	188	3	13	352.2542312049693	4.659574468085107	0.0020287036895751953
100	188	3	14	353.20090996573674	4.75	0.0021152496337890625
100	188	3	62	369.64413982916216	5.148936170212766	0.002254962921142578
100	188	3	32	351.0861546387082	4.627659574468085	0.002310514450073242
100	188	3	47	354.8106463011244	4.882978723404255	0.002434968948364258
100	188	3	64	356.2875267564019	4.851063829787234	0.002206563949584961
100	188	3	5	350.8939066711241	4.696808510638298	0.0020570755004882812
100	188	3	4	350.08877358852476	4.680851063829787	0.0020699501037597656
100	188	3	31	361.11898404256436	4.904255319148936	0.0024251937866210938
100	188	3	195	354.6162703788507	4.792553191489362	0.0021355152130126953
100	188	3	15	352.15778682044225	4.654255319148936	0.0020818710327148438
100	188	3	199	359.9028914150017	4.8138297872340425	0.0021774768829345703
100	188	3	46	350.04781194501	4.675531914893617	0.0022978782653808594
100	188	3	48	353.5299059495676	4.712765957446808	0.0022313594818115234
100	188	3	59	359.14807775781117	4.861702127659575	0.002409219741821289
100	188	3	49	363.28670208905976	5.069148936170213	0.0024297237396240234
100	188	3	61	358.9732597022521	4.835106382978723	0.0023870468139648438
100	188	3	50	357.77938062692147	4.867021276595745	0.0023779869079589844
100	188	3	174	356.1479737050465	4.74468085106383	0.002092123031616211
100	188	3	44	368.7622772023547	5.196808510638298	0.0025529861450195312
100	188	3	30	358.2102491360026	4.8138297872340425	0.002386331558227539
100	188	3	43	361.16440051575125	4.941489361702128	0.0025250911712646484
100	188	3	42	356.88455355839653	4.829787234042553	0.002401113510131836
100	188	3	65	352.9765715154723	4.712765957446808	0.002393484115600586
100	188	3	177	364.48870121478154	5.058510638297872	0.0022153854370117188
100	188	3	167	348.9567847164101	4.638297872340425	0.002267122268676758
100	188	3	76	352.0520808298948	4.723404255319149	0.0023598670959472656
100	188	3	58	355.77693182759856	4.75	0.00214385986328125
100	188	3	179	365.6082383998689	5.074468085106383	0.002287626266479492
100	188	3	170	352.19377765434047	4.877659574468085	0.002113819122314453
100	188	3	66	345.1194569638831	4.558510638297872	0.0020868778228759766
100	188	3	180	360.24778338429826	4.888297872340425	0.002285003662109375
100	188	3	196	363.45940195799955	4.973404255319149	0.0021834373474121094
100	188	3	176	356.85507874097533	4.829787234042553	0.0021185874938964844
100	188	3	168	348.83356455079706	4.73936170212766	0.002149343490600586
100	188	3	74	369.08411040139003	5.122340425531915	0.002579927444458008
100	188	3	173	358.23780679106136	4.867021276595745	0.002383708953857422
100	188	3	77	358.83473280794226	4.946808510638298	0.002247333526611328
100	188	3	1	360.3833244128497	4.8563829787234045	0.002423524856567383
100	188	3	178	363.21764491104994	4.952127659574468	0.002275705337524414
100	188	3	171	365.15524622959157	5.090425531914893	0.0023310184478759766
100	188	3	172	361.1206616207256	4.99468085106383	0.0022459030151367188
100	188	3	169	357.72114938202515	4.861702127659575	0.0021758079528808594
100	188	3	78	365.33338925715344	4.968085106382978	0.0023293495178222656
100	188	3	181	358.49471620996474	4.941489361702128	0.0022001266479492188
100	188	3	175	361.1609776837207	5.01063829787234	0.002231121063232422
100	188	3	75	360.6768825949579	4.968085106382978	0.0024356842041015625
100	188	3	197	355.50506715432425	4.787234042553192	0.0021708011627197266
100	188	3	166	345.8230659968899	4.622340425531915	0.002249002456665039
100	188	3	2	355.68489920009915	4.776595744680851	0.0022706985473632812
100	188	3	6	354.1214464068983	4.898936170212766	0.0022416114807128906
100	188	3	95	345.3708688589712	4.5	0.00200653076171875
100	188	3	96	351.5246880842422	4.627659574468085	0.002084493637084961
100	188	3	198	363.33987640980985	4.99468085106383	0.0022437572479248047
100	188	3	10	360.69090787103454	4.882978723404255	0.002185821533203125
100	188	3	79	355.73940906454607	4.8936170212765955	0.002361297607421875
100	188	3	3	358.4492254841069	4.957446808510638	0.002320528030395508
100	188	3	182	360.8870478118793	4.872340425531915	0.0021805763244628906
100	188	3	99	350.79312716029176	4.595744680851064	0.0021369457244873047
100	188	3	183	352.9061286445726	4.707446808510638	0.0021734237670898438
100	188	3	63	355.1256248269781	4.76063829787234	0.0023832321166992188
100	188	3	100	357.014269829859	4.75531914893617	0.0021810531616210938
100	188	3	11	360.7016792748636	4.851063829787234	0.0021533966064453125
100	188	3	7	355.2094217967991	4.792553191489362	0.0021123886108398438
100	188	3	73	356.9101697074564	4.819148936170213	0.002374887466430664
100	188	3	12	353.696571196929	4.76595744680851	0.002036571502685547
100	188	3	81	359.89296746501907	4.872340425531915	0.00226593017578125
100	188	3	9	353.40964104498	4.7287234042553195	0.0021131038665771484
100	188	3	8	356.07176392346344	4.803191489361702	0.0022034645080566406
100	188	3	97	359.6605465523293	4.946808510638298	0.002265453338623047
100	188	3	51	361.63427260976704	4.914893617021277	0.0023758411407470703
100	188	3	56	352.0769317582082	4.781914893617022	0.002413034439086914
100	188	3	67	369.3143430620166	5.154255319148936	0.0025873184204101562
100	188	3	98	358.7374330622727	4.840425531914893	0.0021865367889404297
100	188	3	94	352.7093405784234	4.8138297872340425	0.002251863479614258
100	188	3	57	346.7228786132649	4.6436170212765955	0.0023317337036132812
100	188	3	52	352.6824193004642	4.829787234042553	0.002285003662109375
100	188	3	54	354.3862056960357	4.6861702127659575	0.0022759437561035156
100	188	3	91	361.1483608880299	4.8936170212765955	0.002391815185546875
100	188	3	55	358.8949500294467	4.872340425531915	0.0022568702697753906
100	188	3	87	360.87583448281464	4.909574468085107	0.002204418182373047
100	188	3	88	362.76485964857653	5.0	0.002229928970336914
100	188	3	83	351.2564575035813	4.648936170212766	0.0021996498107910156
100	188	3	85	357.0199097603566	4.824468085106383	0.002299785614013672
100	188	3	93	363.5567817872222	5.026595744680851	0.0022802352905273438
100	188	3	60	355.9071899524317	4.872340425531915	0.0023877620697021484
100	188	3	0	358.8120316244398	4.840425531914893	0.002187967300415039
100	188	3	89	359.20530844286463	4.888297872340425	0.002180337905883789
100	188	3	90	359.70866603690877	4.867021276595745	0.002414226531982422
100	188	3	37	355.4060399590149	4.76595744680851	0.002414703369140625
100	188	3	35	354.40324621526713	4.8138297872340425	0.0024251937866210938
100	188	3	34	358.6399020425289	4.946808510638298	0.002514362335205078
100	188	3	159	358.105088315139	4.808510638297872	0.0024073123931884766
100	188	3	39	357.62673089400624	4.829787234042553	0.0023508071899414062
100	188	3	36	355.303847806401	4.819148936170213	0.0023941993713378906
100	188	3	33	358.9430531338904	4.835106382978723	0.0023996829986572266
100	188	3	160	368.2230956373984	5.1063829787234045	0.002511739730834961
100	188	3	41	355.7749989286401	4.7287234042553195	0.0021810531616210938
100	188	3	40	355.82131060440804	4.808510638297872	0.002179384231567383
100	188	3	157	347.25375557647317	4.627659574468085	0.002326488494873047
100	188	3	155	350.51005640280516	4.7287234042553195	0.002021312713623047
100	188	3	154	354.7553686986803	4.723404255319149	0.002155303955078125
100	188	3	82	355.5312095075179	4.73404255319149	0.0023424625396728516
100	188	3	147	349.3805537900752	4.675531914893617	0.002103090286254883
100	188	3	141	354.92067394980745	4.840425531914893	0.002229928970336914
100	188	3	104	350.2804884462646	4.638297872340425	0.0023581981658935547
100	188	3	101	350.5002489894645	4.638297872340425	0.0023424625396728516
100	188	3	102	354.6691441610248	4.7287234042553195	0.0022878646850585938
100	188	3	53	361.3447376268696	4.904255319148936	0.0024917125701904297
100	188	3	38	358.62116966147954	4.824468085106383	0.002253293991088867
100	188	3	143	353.0231864980221	4.787234042553192	0.002156972885131836
100	188	3	142	353.8545509058056	4.74468085106383	0.002129077911376953
100	188	3	162	358.044119374529	4.904255319148936	0.002392292022705078
100	188	3	103	364.166765489334	4.98936170212766	0.002490997314453125
100	188	3	165	350.19661730133265	4.6436170212765955	0.002238750457763672
100	188	3	84	370.0948853025115	5.127659574468085	0.0025489330291748047
100	188	3	163	361.5800434535727	4.941489361702128	0.002373218536376953
100	188	3	106	355.99139524696244	4.792553191489362	0.002413511276245117
100	188	3	92	359.2881064673673	4.904255319148936	0.0022094249725341797
100	188	3	105	361.4431591587569	4.941489361702128	0.002358675003051758
100	188	3	25	359.0206586106586	4.861702127659575	0.00215911865234375
100	188	3	23	357.2165485569288	4.797872340425532	0.002121448516845703
100	188	3	158	357.76905351154295	4.867021276595745	0.0024912357330322266
100	188	3	164	353.8748657012748	4.75531914893617	0.002416849136352539
100	188	3	161	354.50468883471353	4.797872340425532	0.0024645328521728516
100	188	3	16	356.7336430433224	4.76595744680851	0.0021491050720214844
100	188	3	17	352.9673962356883	4.680851063829787	0.002160787582397461
100	188	3	45	363.53941366490636	4.99468085106383	0.002458333969116211
100	188	3	131	350.4809363711357	4.675531914893617	0.0021266937255859375
100	188	3	27	356.8779072580096	4.904255319148936	0.0021381378173828125
100	188	3	19	356.0497499647721	4.73936170212766	0.0021543502807617188
100	188	3	86	363.10912456670087	4.877659574468085	0.002416372299194336
100	188	3	128	359.92157523606693	4.845744680851064	0.002188444137573242
100	188	3	21	352.6901613912115	4.691489361702128	0.0021240711212158203
100	188	3	18	359.29115580124	4.962765957446808	0.0022368431091308594
100	188	3	132	363.4943203661261	4.877659574468085	0.0021734237670898438
100	188	3	127	367.31352432089125	4.99468085106383	0.002267122268676758
100	188	3	26	360.6792744968296	4.925531914893617	0.002192974090576172
100	188	3	29	355.5247215074643	4.882978723404255	0.0020897388458251953
100	188	3	130	359.70789715334513	4.819148936170213	0.002269744873046875
100	188	3	22	350.249951781804	4.723404255319149	0.0020384788513183594
100	188	3	126	357.6765118467822	4.872340425531915	0.002186298370361328
100	188	3	129	355.6275847196464	4.861702127659575	0.0021545886993408203
100	188	3	80	360.6084315894673	4.882978723404255	0.002260446548461914
100	188	3	151	365.9161628318574	5.01595744680851	0.0021600723266601562
100	188	3	150	357.2550336715197	4.829787234042553	0.002229452133178711
100	188	3	140	364.1857490954532	4.952127659574468	0.0022842884063720703
100	188	3	145	359.44012938428597	4.925531914893617	0.002207040786743164
100	188	3	20	357.8931435067159	4.888297872340425	0.002270221710205078
100	188	3	28	362.5388345144641	4.920212765957447	0.0022118091583251953
100	188	3	24	354.8715130333692	4.73936170212766	0.0023338794708251953
100	188	3	125	352.5340660631499	4.723404255319149	0.0021505355834960938
100	188	3	123	368.88724518607324	5.148936170212766	0.0024628639221191406
100	188	3	156	359.4195699512079	4.925531914893617	0.0021817684173583984
100	188	3	149	366.9035307164106	5.042553191489362	0.002293825149536133
100	188	3	144	355.52014019760816	4.776595744680851	0.0020911693572998047
100	188	3	152	359.8121247224551	4.973404255319149	0.0022122859954833984
100	188	3	134	350.14861135013234	4.590425531914893	0.0023767948150634766
100	188	3	153	354.2711484615968	4.787234042553192	0.0021195411682128906
100	188	3	146	364.3730501124513	4.98404255319149	0.002467632293701172
100	188	3	133	357.40437120765716	4.904255319148936	0.0024871826171875
100	188	3	112	347.09533316569446	4.601063829787234	0.0021343231201171875
100	188	3	135	360.0646892210887	4.851063829787234	0.0024881362915039062
100	188	3	116	349.11387310274404	4.632978723404255	0.0020995140075683594
100	188	3	122	358.9107940678149	4.776595744680851	0.0021364688873291016
100	188	3	113	361.3974437430735	5.026595744680851	0.0022246837615966797
100	188	3	117	360.27019530043395	4.840425531914893	0.0021734237670898438
100	188	3	109	352.9107031578732	4.712765957446808	0.0021882057189941406
100	188	3	121	360.05061469490164	4.909574468085107	0.002215147018432617
100	188	3	139	360.3192380654562	4.872340425531915	0.0021708011627197266
100	188	3	138	351.91178508097954	4.659574468085107	0.002353668212890625
100	188	3	108	359.3887970432758	4.829787234042553	0.0024487972259521484
100	188	3	136	351.9618376428232	4.6436170212765955	0.002244234085083008
100	188	3	114	354.0295494471074	4.73936170212766	0.0020754337310791016
100	188	3	119	357.10837950786	4.914893617021277	0.002150297164916992
100	188	3	137	353.4985579895429	4.75531914893617	0.0023615360260009766
100	188	3	190	358.54827089943564	4.803191489361702	0.00215911865234375
100	188	3	184	352.4711965973674	4.74468085106383	0.002119302749633789
100	188	3	187	351.30438175944977	4.6861702127659575	0.002122163772583008
100	188	3	185	354.7220072599695	4.776595744680851	0.002109527587890625
100	188	3	186	358.1704946479972	4.99468085106383	0.0022230148315429688
100	188	3	194	355.94761479866673	4.707446808510638	0.002169370651245117
100	188	3	188	364.074088292365	4.914893617021277	0.0022525787353515625
100	188	3	189	347.0954910454196	4.648936170212766	0.0020895004272460938
100	188	3	124	357.02295955602244	4.888297872340425	0.0020935535430908203
100	188	3	191	364.07911270282466	5.079787234042553	0.0021631717681884766
100	188	3	192	362.1554098087492	4.9787234042553195	0.0022106170654296875
100	188	3	193	354.8877366941389	4.792553191489362	0.002155303955078125
100	188	3	110	357.2431524704275	4.73936170212766	0.002294301986694336
100	188	3	120	361.12236459522165	4.952127659574468	0.002241373062133789
100	188	3	118	359.4990588590553	4.9361702127659575	0.0021598339080810547
100	188	3	111	356.7192505617895	4.904255319148936	0.0022284984588623047
100	188	3	115	358.3761949798992	4.882978723404255	0.00225067138671875
100	188	3	68	351.3684931806834	4.712765957446808	0.0024602413177490234
100	188	3	72	353.856279157891	4.797872340425532	0.0024127960205078125
100	188	3	70	350.3593512312394	4.76063829787234	0.0021038055419921875
100	188	3	69	350.7658466586332	4.76595744680851	0.0022192001342773438
100	188	3	71	356.8607502052291	4.819148936170213	0.002454996109008789
100	188	3	148	356.0604587583208	4.723404255319149	0.0021202564239501953
