100	74	-1	21	201.915970240869	201.915970240869	4.743243243243243
100	74	-1	33	194.32602095672624	194.32602095672624	4.54054054054054
100	74	-1	35	202.97334041079114	202.97334041079114	4.864864864864865
100	74	-1	34	190.47433364947767	190.47433364947767	4.891891891891892
100	74	-1	32	196.30676006424216	196.30676006424216	4.743243243243243
100	74	-1	31	197.34461762963	197.34461762963	5.594594594594595
100	74	-1	48	194.97054863745785	194.97054863745785	4.8108108108108105
100	74	-1	19	205.64583046033638	205.64583046033638	4.864864864864865
100	74	-1	18	197.97538070154596	197.97538070154596	4.72972972972973
100	74	-1	16	206.62566717324395	206.62566717324395	4.797297297297297
100	74	-1	17	208.4449732637232	208.4449732637232	4.837837837837838
100	74	-1	20	194.60538498587826	194.60538498587826	4.72972972972973
100	74	-1	15	192.63986920822495	192.63986920822495	4.905405405405405
100	74	-1	12	193.75819588295943	193.75819588295943	4.918918918918919
100	74	-1	13	200.22335090668116	200.22335090668116	4.662162162162162
100	74	-1	52	202.34923465924078	202.34923465924078	4.837837837837838
100	74	-1	53	200.70725696401652	200.70725696401652	4.837837837837838
100	74	-1	47	194.60848532479892	194.60848532479892	5.0
100	74	-1	11	200.27363244270688	200.27363244270688	4.95945945945946
100	74	-1	50	204.806023891342	204.806023891342	4.878378378378378
100	74	-1	51	197.85170915202258	197.85170915202258	4.8108108108108105
100	74	-1	49	200.4919233573306	200.4919233573306	5.22972972972973
100	74	-1	29	206.19995772724334	206.19995772724334	4.891891891891892
100	74	-1	30	210.0127909722113	210.0127909722113	5.3108108108108105
100	74	-1	37	201.18438042273604	201.18438042273604	4.716216216216216
100	74	-1	24	202.02827195335303	202.02827195335303	4.702702702702703
100	74	-1	23	194.34019053482734	194.34019053482734	5.472972972972973
100	74	-1	46	192.4255391898176	192.4255391898176	4.837837837837838
100	74	-1	7	204.45610577344777	204.45610577344777	5.013513513513513
100	74	-1	8	193.6609480675754	193.6609480675754	4.5675675675675675
100	74	-1	28	198.7561240861794	198.7561240861794	4.945945945945946
100	74	-1	27	200.85487010410168	200.85487010410168	4.95945945945946
100	74	-1	45	208.99025590326897	208.99025590326897	5.243243243243243
100	74	-1	43	191.93521859729668	191.93521859729668	4.905405405405405
100	74	-1	44	199.75483443982824	199.75483443982824	5.0675675675675675
100	74	-1	54	197.21246997392726	197.21246997392726	4.621621621621622
100	74	-1	14	187.73236230367297	187.73236230367297	4.621621621621622
100	74	-1	57	190.38033786200774	190.38033786200774	4.905405405405405
100	74	-1	38	188.08268652040158	188.08268652040158	4.6891891891891895
100	74	-1	39	199.403276450836	199.403276450836	5.121621621621622
100	74	-1	60	211.8393859894712	211.8393859894712	4.972972972972973
100	74	-1	62	196.90265997837824	196.90265997837824	5.148648648648648
100	74	-1	58	202.07169680635278	202.07169680635278	4.756756756756757
100	74	-1	59	204.21372295876645	204.21372295876645	4.743243243243243
100	74	-1	61	198.57051021765102	198.57051021765102	4.72972972972973
100	74	-1	5	199.0663838636079	199.0663838636079	4.837837837837838
100	74	-1	6	196.45839276642621	196.45839276642621	4.716216216216216
100	74	-1	4	194.45777295414203	194.45777295414203	4.756756756756757
100	74	-1	87	204.9054813992417	204.9054813992417	5.162162162162162
100	74	-1	40	196.56547425395829	196.56547425395829	4.783783783783784
100	74	-1	9	199.48211292125265	199.48211292125265	4.797297297297297
100	74	-1	10	199.40955678384356	199.40955678384356	4.905405405405405
100	74	-1	42	197.64133844917438	197.64133844917438	4.824324324324325
100	74	-1	41	209.7762337261463	209.7762337261463	4.95945945945946
100	74	-1	2	201.76246849462308	201.76246849462308	4.756756756756757
100	74	-1	0	202.61196734124428	202.61196734124428	4.716216216216216
100	74	-1	3	201.616875976218	201.616875976218	4.945945945945946
100	74	-1	1	199.24513947256543	199.24513947256543	5.135135135135135
100	74	-1	66	197.3140011550703	197.3140011550703	4.608108108108108
100	74	-1	64	197.1530567714815	197.1530567714815	4.77027027027027
100	74	-1	65	202.01281344016698	202.01281344016698	4.824324324324325
100	74	-1	63	205.4318185630176	205.4318185630176	5.175675675675675
100	74	-1	118	203.29355443263262	203.29355443263262	4.918918918918919
100	74	-1	117	204.03728866491855	204.03728866491855	4.702702702702703
100	74	-1	119	195.6696005356151	195.6696005356151	5.094594594594595
100	74	-1	95	193.56881346565996	193.56881346565996	4.527027027027027
100	74	-1	92	201.06240326322438	201.06240326322438	4.918918918918919
100	74	-1	94	198.06066619697305	198.06066619697305	4.824324324324325
100	74	-1	98	206.62210956144082	206.62210956144082	5.04054054054054
100	74	-1	99	192.04596501643002	192.04596501643002	4.5675675675675675
100	74	-1	90	200.6625891362038	200.6625891362038	4.594594594594595
100	74	-1	89	207.45532788238455	207.45532788238455	4.9324324324324325
100	74	-1	88	198.41076441581072	198.41076441581072	4.972972972972973
100	74	-1	91	194.92094472195404	194.92094472195404	5.135135135135135
100	74	-1	97	193.3403471529926	193.3403471529926	5.027027027027027
100	74	-1	96	182.02635543656638	182.02635543656638	4.77027027027027
100	74	-1	93	205.18370327640613	205.18370327640613	5.418918918918919
100	74	-1	100	204.46816678309287	204.46816678309287	5.445945945945946
100	74	-1	83	205.97957977910562	205.97957977910562	4.756756756756757
100	74	-1	82	196.61000731598466	196.61000731598466	4.72972972972973
100	74	-1	75	198.07547352824156	198.07547352824156	4.891891891891892
100	74	-1	79	198.9904378410864	198.9904378410864	4.77027027027027
100	74	-1	78	212.45477561361497	212.45477561361497	5.22972972972973
100	74	-1	76	201.9056195524704	201.9056195524704	4.702702702702703
100	74	-1	80	199.81295013865437	199.81295013865437	4.986486486486487
100	74	-1	71	199.98431743601623	199.98431743601623	5.081081081081081
100	74	-1	73	196.98405649606696	196.98405649606696	5.094594594594595
100	74	-1	85	192.99614660120213	192.99614660120213	5.04054054054054
100	74	-1	84	206.26160752214724	206.26160752214724	5.283783783783784
100	74	-1	77	197.15544785710853	197.15544785710853	4.986486486486487
100	74	-1	81	199.74538648165804	199.74538648165804	5.256756756756757
100	74	-1	72	193.56399403859606	193.56399403859606	5.0
100	74	-1	74	191.7144545519722	191.7144545519722	5.324324324324325
100	74	-1	86	202.87995429471786	202.87995429471786	5.445945945945946
100	74	-1	132	211.5523433033391	211.5523433033391	5.054054054054054
100	74	-1	126	195.24262861866728	195.24262861866728	5.027027027027027
100	74	-1	134	200.0453326505266	200.0453326505266	4.472972972972973
100	74	-1	129	196.8089358726603	196.8089358726603	5.162162162162162
100	74	-1	133	199.62846596426343	199.62846596426343	5.054054054054054
100	74	-1	130	195.37984643610457	195.37984643610457	4.918918918918919
100	74	-1	131	191.25612287277488	191.25612287277488	4.648648648648648
100	74	-1	128	198.51280422742627	198.51280422742627	4.945945945945946
100	74	-1	125	191.39409348737385	191.39409348737385	4.783783783783784
100	74	-1	127	193.48822377401638	193.48822377401638	5.648648648648648
100	74	-1	124	197.11756010986554	197.11756010986554	4.851351351351352
100	74	-1	36	195.02276935071816	195.02276935071816	5.013513513513513
100	74	-1	22	202.02701900705108	202.02701900705108	4.864864864864865
100	74	-1	121	205.38488470567657	205.38488470567657	5.108108108108108
100	74	-1	122	198.5786537030876	198.5786537030876	4.891891891891892
100	74	-1	123	201.58315487435237	201.58315487435237	5.5
100	74	-1	120	201.6193088144192	201.6193088144192	5.243243243243243
100	74	-1	101	197.72599275970882	197.72599275970882	4.608108108108108
100	74	-1	103	198.87518697721057	198.87518697721057	5.121621621621622
100	74	-1	112	200.14776140340493	200.14776140340493	4.702702702702703
100	74	-1	115	200.08189901103202	200.08189901103202	5.04054054054054
100	74	-1	106	196.58777473735455	196.58777473735455	4.837837837837838
100	74	-1	110	204.56146540741761	204.56146540741761	4.72972972972973
100	74	-1	113	198.8655325982167	198.8655325982167	4.77027027027027
100	74	-1	111	193.73310578422246	193.73310578422246	4.945945945945946
100	74	-1	116	199.437514951557	199.437514951557	4.662162162162162
100	74	-1	109	198.64325795090832	198.64325795090832	4.905405405405405
100	74	-1	114	203.7726167549936	203.7726167549936	4.594594594594595
100	74	-1	108	204.94407551431027	204.94407551431027	4.972972972972973
100	74	-1	102	196.59439601589847	196.59439601589847	4.702702702702703
100	74	-1	105	205.95737279390107	205.95737279390107	4.905405405405405
100	74	-1	104	206.19186141964883	206.19186141964883	4.837837837837838
100	74	-1	107	194.83062689505064	194.83062689505064	4.972972972972973
100	74	-1	189	198.52978694520448	198.52978694520448	4.864864864864865
100	74	-1	154	198.79803812040453	198.79803812040453	4.743243243243243
100	74	-1	155	192.64101816295727	192.64101816295727	5.135135135135135
100	74	-1	152	193.62755974842847	193.62755974842847	5.378378378378378
100	74	-1	153	203.4378267408982	203.4378267408982	5.027027027027027
100	74	-1	55	202.73132106042385	202.73132106042385	5.054054054054054
100	74	-1	69	204.98967090875988	204.98967090875988	5.094594594594595
100	74	-1	67	211.61800813349916	211.61800813349916	5.162162162162162
100	74	-1	68	194.52001317711208	194.52001317711208	4.621621621621622
100	74	-1	70	193.79207064549763	193.79207064549763	4.851351351351352
100	74	-1	192	205.26293405438756	205.26293405438756	5.175675675675675
100	74	-1	191	208.6915098283324	208.6915098283324	5.0675675675675675
100	74	-1	193	194.76198204216377	194.76198204216377	5.256756756756757
100	74	-1	157	198.49436748037746	198.49436748037746	4.756756756756757
100	74	-1	158	195.52078517549052	195.52078517549052	4.702702702702703
100	74	-1	164	199.90409455999352	199.90409455999352	4.797297297297297
100	74	-1	161	203.08675594359275	203.08675594359275	4.972972972972973
100	74	-1	166	187.79105228474174	187.79105228474174	4.608108108108108
100	74	-1	156	204.63095434962744	204.63095434962744	5.135135135135135
100	74	-1	159	191.32785306421246	191.32785306421246	4.797297297297297
100	74	-1	167	187.40421358509272	187.40421358509272	4.5
100	74	-1	162	197.3742028111166	197.3742028111166	5.108108108108108
100	74	-1	163	193.96778147775197	193.96778147775197	5.175675675675675
100	74	-1	160	206.37864147429661	206.37864147429661	5.094594594594595
100	74	-1	165	195.40571187684694	195.40571187684694	4.743243243243243
100	74	-1	26	197.0382134459711	197.0382134459711	4.905405405405405
100	74	-1	25	197.76157917755197	197.76157917755197	4.743243243243243
100	74	-1	56	183.50481323112402	183.50481323112402	5.202702702702703
100	74	-1	138	199.23942919361397	199.23942919361397	4.675675675675675
100	74	-1	143	199.28046922576414	199.28046922576414	4.72972972972973
100	74	-1	150	202.2682069930456	202.2682069930456	5.27027027027027
100	74	-1	139	205.05566786874311	205.05566786874311	5.027027027027027
100	74	-1	137	203.61878722856608	203.61878722856608	4.905405405405405
100	74	-1	136	198.8826783265991	198.8826783265991	4.918918918918919
100	74	-1	146	210.67459450777733	210.67459450777733	5.04054054054054
100	74	-1	147	194.17608087704244	194.17608087704244	4.72972972972973
100	74	-1	145	208.46707224803154	208.46707224803154	5.27027027027027
100	74	-1	144	198.0068215811164	198.0068215811164	4.648648648648648
100	74	-1	151	210.50006700240553	210.50006700240553	5.22972972972973
100	74	-1	149	197.11369269532366	197.11369269532366	4.972972972972973
100	74	-1	148	199.26802834170297	199.26802834170297	4.594594594594595
100	74	-1	141	188.1903880633967	188.1903880633967	4.986486486486487
100	74	-1	140	208.97315921704308	208.97315921704308	5.108108108108108
100	74	-1	135	208.08216513813426	208.08216513813426	4.972972972972973
100	74	-1	142	188.7266230883231	188.7266230883231	5.013513513513513
100	74	-1	190	198.01766028118982	198.01766028118982	4.783783783783784
100	74	-1	185	194.72820013987183	194.72820013987183	4.837837837837838
100	74	-1	197	195.0279700091213	195.0279700091213	4.851351351351352
100	74	-1	184	184.362779753638	184.362779753638	4.716216216216216
100	74	-1	198	201.6171922679683	201.6171922679683	5.202702702702703
100	74	-1	188	206.53293055050312	206.53293055050312	5.054054054054054
100	74	-1	199	202.66393679799813	202.66393679799813	4.864864864864865
100	74	-1	195	200.86902599371234	200.86902599371234	4.891891891891892
100	74	-1	187	198.79083209510893	198.79083209510893	5.081081081081081
100	74	-1	196	210.29185474651624	210.29185474651624	5.094594594594595
100	74	-1	194	205.3393506646646	205.3393506646646	5.081081081081081
100	74	-1	186	199.56085225606756	199.56085225606756	5.108108108108108
100	74	-1	180	192.88912797985589	192.88912797985589	4.9324324324324325
100	74	-1	173	203.88545351833096	203.88545351833096	4.986486486486487
100	74	-1	174	192.73008894865833	192.73008894865833	4.527027027027027
100	74	-1	171	206.1979475647758	206.1979475647758	5.243243243243243
100	74	-1	177	190.7823618791474	190.7823618791474	4.8108108108108105
100	74	-1	176	199.16782839457224	199.16782839457224	5.013513513513513
100	74	-1	183	195.1050512949724	195.1050512949724	4.783783783783784
100	74	-1	181	197.19562435185088	197.19562435185088	4.945945945945946
100	74	-1	172	206.25862586979048	206.25862586979048	4.878378378378378
100	74	-1	169	194.93153547727312	194.93153547727312	4.864864864864865
100	74	-1	170	193.50707533346443	193.50707533346443	4.945945945945946
100	74	-1	182	206.16864400261002	206.16864400261002	5.081081081081081
100	74	-1	168	200.99501889184677	200.99501889184677	4.918918918918919
100	74	-1	175	197.16728365499827	197.16728365499827	5.108108108108108
100	74	-1	179	203.7624695202626	203.7624695202626	5.472972972972973
100	74	-1	178	198.31719320819238	198.31719320819238	4.905405405405405
