100	168	3	13	330.73217787735865	4.619047619047619	0.0018334388732910156
100	168	3	14	334.2284077087195	4.779761904761905	0.001979351043701172
100	168	3	32	329.40249386218954	4.583333333333333	0.002102375030517578
100	168	3	5	329.3954012925211	4.642857142857143	0.0018405914306640625
100	168	3	47	333.5483404129192	4.851190476190476	0.002194643020629883
100	168	3	62	345.9303609061388	5.095238095238095	0.002202272415161133
100	168	3	31	341.23055866159257	4.934523809523809	0.002145051956176758
100	168	3	64	333.30545119442303	4.7976190476190474	0.0019779205322265625
100	168	3	4	330.23749240959035	4.708333333333333	0.0019047260284423828
100	168	3	15	330.675747510755	4.613095238095238	0.00189971923828125
100	168	3	199	338.2483805229357	4.773809523809524	0.0019512176513671875
100	168	3	195	336.74995469285113	4.833333333333333	0.0019741058349609375
100	168	3	59	335.8465420211866	4.785714285714286	0.0021944046020507812
100	168	3	46	330.7369954823952	4.726190476190476	0.0021021366119384766
100	168	3	48	331.5022840247161	4.690476190476191	0.002141237258911133
100	168	3	6	333.77062204386453	4.904761904761905	0.001996278762817383
100	168	3	197	336.13858787968263	4.839285714285714	0.0019822120666503906
100	168	3	30	341.43515108815944	4.916666666666667	0.002125263214111328
100	168	3	50	336.8531425469143	4.821428571428571	0.002107381820678711
100	168	3	49	342.70704476740764	5.065476190476191	0.0022056102752685547
100	168	3	61	336.99393540333386	4.815476190476191	0.0020058155059814453
100	168	3	44	344.8042606683075	5.154761904761905	0.002248048782348633
100	168	3	174	333.5493806703616	4.7023809523809526	0.0018949508666992188
100	168	3	43	338.1757457421117	4.904761904761905	0.002238750457763672
100	168	3	42	336.20022797897315	4.821428571428571	0.0021796226501464844
100	168	3	65	332.6356556299547	4.708333333333333	0.002193450927734375
100	168	3	10	339.43424115030257	4.857142857142857	0.001983165740966797
100	168	3	76	329.4559997369627	4.684523809523809	0.0021331310272216797
100	168	3	167	328.97143466930527	4.636904761904762	0.001992464065551758
100	168	3	177	344.0611922871512	5.029761904761905	0.0020215511322021484
100	168	3	166	325.56223512305206	4.648809523809524	0.0020966529846191406
100	168	3	179	345.139776630762	5.071428571428571	0.002103090286254883
100	168	3	58	334.96504878716075	4.761904761904762	0.002234935760498047
100	168	3	170	330.5765198778454	4.809523809523809	0.0018677711486816406
100	168	3	66	322.9886755790353	4.517857142857143	0.001783132553100586
100	168	3	180	339.5346137491603	4.892857142857143	0.002019166946411133
100	168	3	168	330.4917222601302	4.773809523809524	0.001986980438232422
100	168	3	176	338.0395706273552	4.869047619047619	0.0019562244415283203
100	168	3	74	346.36353956720666	5.130952380952381	0.0021915435791015625
100	168	3	196	345.2188349601754	5.0	0.001997232437133789
100	168	3	1	341.59302977741754	4.886904761904762	0.0022139549255371094
100	168	3	77	338.6969549875373	4.958333333333333	0.0022101402282714844
100	168	3	173	335.93695042332945	4.880952380952381	0.002161264419555664
100	168	3	172	342.992325880178	5.0476190476190474	0.0020987987518310547
100	168	3	171	345.3667791456878	5.125	0.002136707305908203
100	168	3	75	339.23664309164633	4.964285714285714	0.0021729469299316406
100	168	3	178	343.84799340638665	4.994047619047619	0.0020966529846191406
100	168	3	169	336.6251778638031	4.857142857142857	0.0020325183868408203
100	168	3	198	342.0930659672927	4.970238095238095	0.0020406246185302734
100	168	3	78	345.410850900505	5.005952380952381	0.002096414566040039
100	168	3	181	338.32195529179654	4.940476190476191	0.0019783973693847656
100	168	3	175	341.10534723938616	5.0476190476190474	0.002001523971557617
100	168	3	95	323.36559411194196	4.470238095238095	0.0018222332000732422
100	168	3	96	330.2658017983842	4.601190476190476	0.0018565654754638672
100	168	3	2	331.77903136126093	4.708333333333333	0.002195119857788086
100	168	3	79	334.19944359642403	4.863095238095238	0.0020685195922851562
100	168	3	99	332.5267673469682	4.630952380952381	0.001867532730102539
100	168	3	63	332.1747832512201	4.732142857142857	0.001982450485229492
100	168	3	3	337.16791826502043	4.9226190476190474	0.002166748046875
100	168	3	183	333.9435959143025	4.761904761904762	0.0019867420196533203
100	168	3	182	341.6313943825636	4.940476190476191	0.002017974853515625
100	168	3	98	339.7389011869193	4.892857142857143	0.0019328594207763672
100	168	3	100	335.38367130631445	4.744047619047619	0.0018825531005859375
100	168	3	7	335.2535219201684	4.7976190476190474	0.0019540786743164062
100	168	3	11	340.5528532986354	4.892857142857143	0.001978635787963867
100	168	3	73	337.2396247092552	4.845238095238095	0.0021762847900390625
100	168	3	9	330.76993972993944	4.678571428571429	0.0018992424011230469
100	168	3	12	331.5556951189141	4.767857142857143	0.0019316673278808594
100	168	3	81	341.49463543115434	4.916666666666667	0.0020503997802734375
100	168	3	67	348.2341373824154	5.160714285714286	0.0023469924926757812
100	168	3	51	341.94085536632934	4.946428571428571	0.0020198822021484375
100	168	3	8	333.20104054163954	4.773809523809524	0.0019652843475341797
100	168	3	97	338.9227894519147	4.916666666666667	0.002061128616333008
100	168	3	56	332.5822250292248	4.785714285714286	0.002180337905883789
100	168	3	57	325.0944920873463	4.619047619047619	0.001931905746459961
100	168	3	52	329.3028342421022	4.732142857142857	0.0020461082458496094
100	168	3	94	330.4684245465003	4.761904761904762	0.0019807815551757812
100	168	3	55	336.632308185255	4.8273809523809526	0.002138376235961914
100	168	3	54	329.83099367632326	4.595238095238095	0.002065896987915039
100	168	3	91	337.04257803554765	4.857142857142857	0.002012968063354492
100	168	3	93	341.9386273677036	5.017857142857143	0.0020689964294433594
100	168	3	88	340.01037597368753	4.946428571428571	0.0019974708557128906
100	168	3	87	340.8622064678297	4.970238095238095	0.0020422935485839844
100	168	3	85	336.4146267958406	4.851190476190476	0.0022306442260742188
100	168	3	83	330.5665731606586	4.619047619047619	0.002125978469848633
100	168	3	0	337.52753190180573	4.815476190476191	0.0019731521606445312
100	168	3	60	335.94261705645863	4.904761904761905	0.0021898746490478516
100	168	3	89	338.64488452347274	4.875	0.002000570297241211
100	168	3	90	340.3735890358444	4.898809523809524	0.002060413360595703
100	168	3	37	334.6113732627644	4.773809523809524	0.002221822738647461
100	168	3	35	335.07252631458874	4.833333333333333	0.002220630645751953
100	168	3	39	336.5682616171984	4.833333333333333	0.002012014389038086
100	168	3	34	336.6736102799566	4.9226190476190474	0.002263307571411133
100	168	3	33	335.0862128878099	4.7976190476190474	0.0021686553955078125
100	168	3	159	334.42102433189154	4.755952380952381	0.0021886825561523438
100	168	3	160	347.0386425874866	5.107142857142857	0.0023469924926757812
100	168	3	86	342.4821265874594	4.910714285714286	0.0022106170654296875
100	168	3	36	335.95864813742907	4.8273809523809526	0.0021762847900390625
100	168	3	40	333.1263616104679	4.779761904761905	0.0020220279693603516
100	168	3	41	337.95631967812744	4.773809523809524	0.0020170211791992188
100	168	3	157	328.8106953374995	4.678571428571429	0.0021371841430664062
100	168	3	101	327.1632002462898	4.583333333333333	0.0020973682403564453
100	168	3	104	330.87274173602754	4.654761904761905	0.0021605491638183594
100	168	3	102	333.1198877075308	4.684523809523809	0.0022025108337402344
100	168	3	82	336.2677283464734	4.744047619047619	0.002124786376953125
100	168	3	155	331.4945853988071	4.744047619047619	0.001934051513671875
100	168	3	38	339.02963465751026	4.880952380952381	0.0022449493408203125
100	168	3	53	339.6140835078375	4.910714285714286	0.002127408981323242
100	168	3	154	333.5282968373651	4.684523809523809	0.0020079612731933594
100	168	3	141	330.73334920437907	4.791666666666667	0.0021865367889404297
100	168	3	147	330.3838295050978	4.708333333333333	0.0019078254699707031
100	168	3	142	335.23504796847135	4.791666666666667	0.0021355152130126953
100	168	3	143	333.76667758771475	4.791666666666667	0.001970052719116211
100	168	3	162	339.62283757674777	4.9523809523809526	0.0021924972534179688
100	168	3	103	340.3307529353014	4.9226190476190474	0.0022230148315429688
100	168	3	165	330.80745806865315	4.666666666666667	0.0021796226501464844
100	168	3	151	347.44086450280497	5.065476190476191	0.002002239227294922
100	168	3	150	336.90312451838486	4.833333333333333	0.001955270767211914
100	168	3	92	334.52438838084436	4.815476190476191	0.0021347999572753906
100	168	3	140	344.9595946918409	5.017857142857143	0.002202272415161133
100	168	3	163	340.5493315718641	4.940476190476191	0.002160787582397461
100	168	3	84	345.82537217775854	5.107142857142857	0.0022745132446289062
100	168	3	145	336.84419364774215	4.869047619047619	0.0019969940185546875
100	168	3	105	336.1235143287415	4.886904761904762	0.002115488052368164
100	168	3	106	335.72265298648864	4.803571428571429	0.002206087112426758
100	168	3	144	333.15715075173455	4.75	0.0019066333770751953
100	168	3	152	337.93913599584664	4.934523809523809	0.002184152603149414
100	168	3	149	344.5019056613067	5.011904761904762	0.002034902572631836
100	168	3	158	338.2664193172468	4.875	0.002212047576904297
100	168	3	164	333.06724731716054	4.720238095238095	0.0020155906677246094
100	168	3	161	333.1330941159277	4.773809523809524	0.0022263526916503906
100	168	3	45	343.12991367548517	5.005952380952381	0.0022101402282714844
100	168	3	23	337.1779349968167	4.821428571428571	0.001971721649169922
100	168	3	25	337.046271475409	4.821428571428571	0.0019388198852539062
100	168	3	16	332.4918829041925	4.684523809523809	0.0019354820251464844
100	168	3	24	334.773294199333	4.75	0.0018589496612548828
100	168	3	17	333.20920226667425	4.690476190476191	0.001965045928955078
100	168	3	131	329.47186579916485	4.654761904761905	0.0019080638885498047
100	168	3	20	337.57189285232283	4.892857142857143	0.002057313919067383
100	168	3	27	335.4750553667136	4.928571428571429	0.001939535140991211
100	168	3	19	335.6347534929236	4.75	0.001985788345336914
100	168	3	21	329.9576385631619	4.630952380952381	0.0019099712371826172
100	168	3	130	338.2509855766189	4.7976190476190474	0.0019969940185546875
100	168	3	22	328.54827389279717	4.708333333333333	0.0019147396087646484
100	168	3	128	338.6163052692898	4.892857142857143	0.0020139217376708984
100	168	3	127	345.92371831110376	4.982142857142857	0.002058267593383789
100	168	3	132	340.36303821737465	4.815476190476191	0.001951456069946289
100	168	3	18	336.7202103182447	4.928571428571429	0.002032041549682617
100	168	3	26	339.83420375625747	4.904761904761905	0.0019485950469970703
100	168	3	29	334.46267575392403	4.869047619047619	0.001939535140991211
100	168	3	125	333.4592051759024	4.726190476190476	0.0018894672393798828
100	168	3	126	335.12745248558434	4.886904761904762	0.0019450187683105469
100	168	3	80	336.97856438903216	4.869047619047619	0.0020151138305664062
100	168	3	129	335.7860547709898	4.886904761904762	0.001967906951904297
100	168	3	28	342.06618494727786	4.928571428571429	0.0019991397857666016
100	168	3	156	338.70356117979196	4.910714285714286	0.0019032955169677734
100	168	3	123	345.1463803882415	5.095238095238095	0.002233266830444336
100	168	3	133	336.98904408023736	4.934523809523809	0.0022897720336914062
100	168	3	134	330.23382133815505	4.583333333333333	0.0021314620971679688
100	168	3	135	339.2559507344924	4.8273809523809526	0.0022020339965820312
100	168	3	153	334.0919480486193	4.779761904761905	0.0019559860229492188
100	168	3	148	334.4528509003416	4.7023809523809526	0.002163410186767578
100	168	3	146	343.5884591820595	4.976190476190476	0.0022165775299072266
100	168	3	112	326.36329332927687	4.565476190476191	0.0019178390502929688
100	168	3	138	330.8063628125014	4.619047619047619	0.0019898414611816406
100	168	3	139	339.64171317748594	4.875	0.0020415782928466797
100	168	3	122	336.9529419449675	4.744047619047619	0.0018990039825439453
100	168	3	116	328.87701354088495	4.642857142857143	0.001895904541015625
100	168	3	113	339.54843090176445	5.029761904761905	0.0020322799682617188
100	168	3	117	340.10667849012395	4.851190476190476	0.0019745826721191406
100	168	3	109	331.7140814926367	4.678571428571429	0.00197601318359375
100	168	3	136	333.0304661261424	4.684523809523809	0.0020036697387695312
100	168	3	137	333.5819947456872	4.785714285714286	0.0020232200622558594
100	168	3	121	338.88809805717807	4.875	0.001976490020751953
100	168	3	108	339.0268951691071	4.863095238095238	0.0020599365234375
100	168	3	119	337.0444259255411	4.9523809523809526	0.0019860267639160156
100	168	3	114	330.90592934284626	4.6726190476190474	0.0018775463104248047
100	168	3	184	327.2788585290864	4.619047619047619	0.0018720626831054688
100	168	3	187	332.629508261626	4.767857142857143	0.001954793930053711
100	168	3	190	337.1463896566736	4.761904761904762	0.0019032955169677734
100	168	3	118	341.34808514256025	5.005952380952381	0.0019500255584716797
100	168	3	185	335.2340755896091	4.779761904761905	0.001928091049194336
100	168	3	186	338.7661864670998	5.059523809523809	0.001965045928955078
100	168	3	110	338.30131951834227	4.773809523809524	0.001990795135498047
100	168	3	120	339.43958777254215	4.946428571428571	0.00196075439453125
100	168	3	115	338.16080872455257	4.898809523809524	0.001981019973754883
100	168	3	111	336.57346055562033	4.940476190476191	0.0019087791442871094
100	168	3	189	327.79145262548326	4.666666666666667	0.0018985271453857422
100	168	3	194	336.72508359839304	4.732142857142857	0.0019469261169433594
100	168	3	188	343.8099018418611	4.9226190476190474	0.0020186901092529297
100	168	3	124	336.1325427783082	4.857142857142857	0.0019021034240722656
100	168	3	191	343.9046880132452	5.113095238095238	0.001979351043701172
100	168	3	192	340.72091129421744	4.982142857142857	0.0019483566284179688
100	168	3	193	334.9309153235232	4.803571428571429	0.0018720626831054688
100	168	3	68	329.75212466489995	4.666666666666667	0.0019102096557617188
100	168	3	72	334.2453426865793	4.863095238095238	0.0022068023681640625
100	168	3	70	328.12048617412455	4.755952380952381	0.002127408981323242
100	168	3	69	328.6386570350041	4.738095238095238	0.002105236053466797
100	168	3	71	337.19850364341727	4.869047619047619	0.0022225379943847656
