100	102	3	13	228.22743481619656	4.823529411764706	 0.958662748336792 
100	102	3	14	226.76355812573115	4.862745098039215	 0.9590616226196289 
100	102	3	62	234.03299059548704	5.509803921568627	 0.5589556694030762 
100	102	3	59	237.9998190619097	5.166666666666667	 2.2482738494873047 
100	102	3	47	225.0340712458708	5.303921568627451	 1.754528284072876 
100	102	3	64	235.91369371339363	5.254901960784314	 0.8527970314025879 
100	102	3	32	225.50558878810264	5.2745098039215685	 0.6471936702728271 
100	102	3	31	229.53613910392735	5.735294117647059	 0.5191671848297119 
100	102	3	61	224.88115366229525	5.5588235294117645	 0.5519535541534424 
100	102	3	5	236.0291412343859	5.1568627450980395	 1.4200637340545654 
100	102	3	46	225.34924332976806	5.049019607843137	 4.207247495651245 
100	102	3	30	238.96215108116704	5.686274509803922	 6.677516937255859 
100	102	3	15	217.2937172425029	5.127450980392157	 2.773801803588867 
100	102	3	4	227.0302375399007	5.568627450980392	 0.5282900333404541 
100	102	3	58	221.36947197123712	5.2745098039215685	 0.6374213695526123 
100	102	3	42	232.5873095124285	5.362745098039215	 0.616840124130249 
100	102	3	48	230.97808856400928	5.166666666666667	 0.8913044929504395 
100	102	3	49	234.89601534726978	5.421568627450981	 0.6328537464141846 
100	102	3	44	233.60389649516762	5.598039215686274	 0.8916735649108887 
100	102	3	43	225.1366715784476	5.529411764705882	 0.8921983242034912 
100	102	3	195	230.48006024575957	5.2254901960784315	 0.44454050064086914 
100	102	3	199	232.76460192446402	5.254901960784314	 0.4717903137207031 
100	102	3	6	218.905286365202	5.490196078431373	 7.723547458648682 
100	102	3	197	220.05061794439783	5.666666666666667	 1.7141621112823486 
100	102	3	198	229.04967513733664	5.529411764705882	 0.571397066116333 
100	102	3	10	224.75058426709415	5.470588235294118	 0.5979528427124023 
100	102	3	50	229.6899963533261	5.215686274509804	 3.6124308109283447 
100	102	3	66	224.48221245530053	4.931372549019608	 0.410520076751709 
100	102	3	65	235.30978639755818	5.166666666666667	 0.5283968448638916 
100	102	3	76	225.30329427572147	5.127450980392157	 0.7337946891784668 
100	102	3	1	228.30591521310174	5.411764705882353	 0.4693877696990967 
100	102	3	174	224.3812283840599	5.068627450980392	 0.5908310413360596 
100	102	3	167	221.48335899505662	4.852941176470588	 0.4614908695220947 
100	102	3	12	221.82341970334645	5.215686274509804	 0.7408018112182617 
100	102	3	2	230.2965522374519	4.990196078431373	 0.7267465591430664 
100	102	3	166	221.46033402583961	4.8431372549019605	 1.0143406391143799 
100	102	3	170	226.95488624291545	5.284313725490196	 3.367825984954834 
100	102	3	63	227.90548873974197	5.8431372549019605	 1.282630205154419 
100	102	3	168	230.9675096686835	5.303921568627451	 0.479128360748291 
100	102	3	178	226.5372100531433	5.823529411764706	 1.5766079425811768 
100	102	3	177	224.09701219051715	5.450980392156863	 1.410926103591919 
100	102	3	73	226.50900436671495	5.450980392156863	 0.42993974685668945 
100	102	3	79	229.72190350125035	5.019607843137255	 0.72475266456604 
100	102	3	179	233.40351161389685	5.7254901960784315	 2.781726360321045 
100	102	3	183	230.57072861370713	5.2254901960784315	 1.691493272781372 
100	102	3	176	227.5807779613589	5.294117647058823	 0.9502339363098145 
100	102	3	169	225.94298391289325	5.313725490196078	 1.5147316455841064 
100	102	3	11	225.24947492540318	5.617647058823529	 1.1115319728851318 
100	102	3	173	236.29983994738083	5.215686274509804	 0.5112860202789307 
100	102	3	172	234.84953618346117	5.931372549019608	 0.8700928688049316 
100	102	3	181	231.91789946728017	5.186274509803922	 0.4714360237121582 
100	102	3	196	235.93367519986847	5.588235294117647	 21.74958324432373 
100	102	3	74	229.816282321314	5.686274509803922	 0.49611568450927734 
100	102	3	180	222.89212433784118	5.696078431372549	 0.8989708423614502 
100	102	3	77	234.80228225788008	5.46078431372549	 2.325867176055908 
100	102	3	78	231.0822457731109	5.950980392156863	 17.68619728088379 
100	102	3	171	235.86078068938468	5.470588235294118	 0.509113073348999 
100	102	3	75	226.53033442185932	5.549019607843137	 0.5395951271057129 
100	102	3	81	226.84326659765338	5.392156862745098	 24.329533338546753 
100	102	3	175	227.51645671447707	5.5	 0.7974777221679688 
100	102	3	67	233.92540785214672	5.470588235294118	 1.0178325176239014 
100	102	3	96	218.4371107112084	5.078431372549019	 0.5788030624389648 
100	102	3	95	225.9541730550359	4.480392156862745	 0.6596555709838867 
100	102	3	100	237.5874731127392	5.617647058823529	 1.5201995372772217 
100	102	3	99	215.93414669000182	5.382352941176471	 3.8393235206604004 
100	102	3	3	228.9912230265637	5.235294117647059	 2.9528098106384277 
100	102	3	7	236.62373978684508	5.382352941176471	 0.4569222927093506 
100	102	3	98	227.97565327243865	5.901960784313726	 6.581083297729492 
100	102	3	182	223.86191657496605	5.7254901960784315	 1.9281654357910156 
100	102	3	9	221.37086658787814	5.5588235294117645	 0.5987691879272461 
100	102	3	8	228.75259009344265	5.352941176470588	 0.6442811489105225 
100	102	3	51	226.32409369099915	5.284313725490196	 1.4731042385101318 
100	102	3	56	221.73362195498606	5.294117647058823	 1.4734525680541992 
100	102	3	52	222.43397713526602	5.519607843137255	 2.593961477279663 
100	102	3	57	223.74911475730508	4.921568627450981	 0.5634512901306152 
100	102	3	97	230.52966149008125	5.431372549019608	 1.3273870944976807 
100	102	3	55	229.33324869922328	5.235294117647059	 0.4663541316986084 
100	102	3	60	237.84367726870016	5.392156862745098	 0.5050389766693115 
100	102	3	94	225.73726091200692	5.470588235294118	 0.5159268379211426 
100	102	3	54	221.5713906582336	5.245098039215686	 18.976795434951782 
100	102	3	0	226.8682557320923	5.235294117647059	 0.5343756675720215 
100	102	3	53	232.3466943618502	5.284313725490196	 0.48541831970214844 
100	102	3	85	224.82918143821536	5.431372549019608	 0.5897641181945801 
100	102	3	83	228.7319834575588	4.911764705882353	 0.6096186637878418 
100	102	3	91	225.68289882609199	5.480392156862745	 0.8677878379821777 
100	102	3	87	234.09848789762853	5.705882352941177	 0.7691853046417236 
100	102	3	37	220.9173847010614	5.264705882352941	 3.932964324951172 
100	102	3	93	237.56741964948137	5.813725490196078	 5.970317363739014 
100	102	3	88	230.05649533951132	5.401960784313726	 3.7466511726379395 
100	102	3	35	233.95637378200988	5.294117647058823	 3.9371840953826904 
100	102	3	34	220.0239494431354	5.2745098039215685	 3.937070846557617 
100	102	3	90	230.73094546311933	5.284313725490196	 13.010103940963745 
100	102	3	86	227.1838901463354	5.46078431372549	 1.1026513576507568 
100	102	3	33	228.72406777009155	4.813725490196078	 0.5893721580505371 
100	102	3	39	228.88036332550476	5.4411764705882355	 0.7492518424987793 
100	102	3	40	236.07768525117513	5.098039215686274	 4.202212810516357 
100	102	3	41	238.25159519743207	5.029411764705882	 1.4451608657836914 
100	102	3	89	230.6894338048881	5.46078431372549	 1.3404841423034668 
100	102	3	157	230.82140646160735	5.382352941176471	 0.47780466079711914 
100	102	3	36	231.81872744611107	5.284313725490196	 2.542205810546875 
100	102	3	160	229.62693941644247	5.754901960784314	 1.3170115947723389 
100	102	3	92	219.8136704993385	5.284313725490196	 0.405214786529541 
100	102	3	38	219.9565163413277	5.421568627450981	 3.837602138519287 
100	102	3	159	224.46470392515738	5.098039215686274	 2.062455177307129 
100	102	3	162	230.60805833257635	5.411764705882353	 1.5536177158355713 
100	102	3	104	235.33200708919605	5.03921568627451	 0.5746922492980957 
100	102	3	106	215.62253731239963	5.53921568627451	 0.6661219596862793 
100	102	3	102	220.2120191808294	5.019607843137255	 0.8519382476806641 
100	102	3	101	225.8176740983665	4.950980392156863	 1.0545499324798584 
100	102	3	82	227.2762247995697	5.215686274509804	 0.5233523845672607 
100	102	3	165	232.94980378518363	5.068627450980392	 0.6172606945037842 
100	102	3	103	226.52182336291023	5.480392156862745	 1.7163608074188232 
100	102	3	105	225.1110933366271	5.647058823529412	 0.5947847366333008 
100	102	3	80	230.33169698361925	5.284313725490196	 1.3624544143676758 
100	102	3	158	223.84248795894402	5.196078431372549	 9.051141023635864 
100	102	3	163	223.61624876582502	5.549019607843137	 0.7888021469116211 
100	102	3	84	231.16623167031187	5.823529411764706	 23.26346230506897 
100	102	3	164	224.3718944941765	5.117647058823529	 0.6403388977050781 
100	102	3	142	224.2927946237629	5.578431372549019	 1.2395145893096924 
100	102	3	155	219.3782910177197	5.852941176470588	 4.6496851444244385 
100	102	3	147	223.7288391455309	4.852941176470588	 0.44886231422424316 
100	102	3	141	222.45120829313805	5.196078431372549	 0.6222553253173828 
100	102	3	154	230.32378834463896	5.2254901960784315	 0.7469830513000488 
100	102	3	161	226.83787498243368	5.647058823529412	 0.6285257339477539 
100	102	3	143	232.0977291642577	5.196078431372549	 0.44726109504699707 
100	102	3	148	229.4835687546169	5.196078431372549	 6.0101704597473145 
100	102	3	150	224.09584630692672	5.784313725490196	 6.012036323547363 
100	102	3	140	237.0919280219458	5.931372549019608	 6.013819217681885 
100	102	3	152	225.5623597977808	5.833333333333333	 4.166522741317749 
100	102	3	151	231.39965993749	5.754901960784314	 1.7588870525360107 
100	102	3	144	230.84849882674143	5.009803921568627	 1.3806183338165283 
100	102	3	145	240.38562851085945	5.509803921568627	 7.360140562057495 
100	102	3	149	220.97273305559415	6.009803921568627	 1.1982276439666748 
100	102	3	156	238.5421699769092	5.382352941176471	 0.6130650043487549 
100	102	3	45	229.35336240171637	5.578431372549019	 1.1028752326965332 
100	102	3	146	230.20416646421228	5.627450980392157	 1.3007550239562988 
100	102	3	18	226.06210598392656	5.470588235294118	 1.2726669311523438 
100	102	3	25	228.52979906406676	5.137254901960785	 0.7302095890045166 
100	102	3	17	229.68872532665299	5.078431372549019	 1.3182649612426758 
100	102	3	23	226.1532285714322	5.892156862745098	 0.4767441749572754 
100	102	3	153	231.8790930772147	5.382352941176471	 22.286470413208008 
100	102	3	24	229.95965694927085	5.254901960784314	 3.427537202835083 
100	102	3	20	233.23572676894685	5.235294117647059	 4.307416677474976 
100	102	3	16	228.1982904604222	5.362745098039215	 5.033160924911499 
100	102	3	21	227.12887443409863	4.764705882352941	 3.8226516246795654 
100	102	3	19	233.76525226162437	5.470588235294118	 2.761185646057129 
100	102	3	27	226.76511988173752	5.2745098039215685	 0.6603941917419434 
100	102	3	131	225.14182404559895	5.049019607843137	 0.4954187870025635 
100	102	3	127	233.52737084488396	5.509803921568627	 0.84112548828125 
100	102	3	130	233.05431380786538	5.372549019607843	 1.348203182220459 
100	102	3	124	234.15339739237473	5.205882352941177	 1.0144479274749756 
100	102	3	132	241.46689316812845	5.46078431372549	 2.1587491035461426 
100	102	3	128	234.89466498546247	5.303921568627451	 1.175044059753418 
100	102	3	29	234.50433366704755	5.401960784313726	 14.878166198730469 
100	102	3	26	233.93506785051073	5.166666666666667	 22.235049724578857 
100	102	3	126	224.7127557024111	5.745098039215686	 0.7702391147613525 
100	102	3	22	230.17765794589806	5.029411764705882	 1.1029555797576904 
100	102	3	129	231.95965803357387	5.166666666666667	 1.4150612354278564 
100	102	3	125	212.65922810410353	4.970588235294118	 1.5800716876983643 
100	102	3	123	227.11065488623473	5.8431372549019605	 0.6434140205383301 
100	102	3	28	238.17098690996346	5.303921568627451	 0.9864819049835205 
100	102	3	138	228.35824737781988	5.049019607843137	 0.44167661666870117 
100	102	3	134	226.5763239664632	4.96078431372549	 0.584597110748291 
100	102	3	133	223.22061079186082	5.617647058823529	 0.6048898696899414 
100	102	3	135	237.93390989974765	5.196078431372549	 1.1332614421844482 
100	102	3	139	231.67490303194705	5.431372549019608	 0.7930364608764648 
100	102	3	137	223.96843317150814	5.362745098039215	 22.39545726776123 
100	102	3	136	220.5438835747171	5.303921568627451	 4.166144132614136 
100	102	3	109	231.92263005518453	5.215686274509804	 0.7148737907409668 
100	102	3	112	225.6055680967466	4.823529411764706	 0.9843893051147461 
100	102	3	118	233.94876499200237	5.607843137254902	 1.6277177333831787 
100	102	3	122	224.65023184987078	5.284313725490196	 2.0034751892089844 
100	102	3	113	224.1484824070017	5.1568627450980395	 0.4987764358520508 
100	102	3	117	224.69137780688604	5.333333333333333	 1.9502592086791992 
100	102	3	119	228.0465374169763	5.46078431372549	 2.37740421295166 
100	102	3	111	229.4634680636057	5.421568627450981	 1.4577603340148926 
100	102	3	116	232.15883489459796	5.088235294117647	 0.6696221828460693 
100	102	3	115	226.80599603849973	5.176470588235294	 0.5086853504180908 
100	102	3	120	229.04593910137905	5.53921568627451	 0.542910099029541 
100	102	3	121	228.5943920213499	5.745098039215686	 0.9998412132263184 
100	102	3	114	226.80348303321816	4.862745098039215	 0.6938436031341553 
100	102	3	110	229.44228298972192	5.068627450980392	 1.6086866855621338 
100	102	3	108	226.97285849979534	5.352941176470588	 3.6435775756835938 
100	102	3	184	219.84935002051208	5.166666666666667	 0.523695707321167 
100	102	3	192	239.20847245992226	5.803921568627451	 1.1775038242340088 
100	102	3	185	231.50559127729207	5.323529411764706	 0.5035700798034668 
100	102	3	190	227.51802806258823	5.362745098039215	 0.5684657096862793 
100	102	3	186	230.93956626157387	5.666666666666667	 0.5775136947631836 
100	102	3	187	227.19915892765465	5.245098039215686	 0.5795309543609619 
100	102	3	188	234.83818883347934	5.392156862745098	 2.4163522720336914 
100	102	3	189	231.5412761410352	5.0588235294117645	 15.681411266326904 
100	102	3	194	235.884635310202	5.294117647058823	 1.2128193378448486 
100	102	3	191	236.8179019717036	5.294117647058823	 9.654809474945068 
100	102	3	193	234.9256371798978	5.3431372549019605	 0.7966392040252686 
100	102	3	68	232.97101886035784	4.872549019607843	 0.6329138278961182 
100	102	3	72	224.15870766679106	5.931372549019608	 1.1433823108673096 
100	102	3	70	226.10954473659004	5.4411764705882355	 0.49779248237609863 
100	102	3	69	231.7029621745872	5.431372549019608	 0.7220184803009033 
100	102	3	71	232.70114755570185	5.852941176470588	 0.9372549057006836 
