100	300	3	47	424.32914497203836	5.613333333333333	 2.8453376293182373 
100	300	3	32	416.5788945989297	5.176666666666667	 5.251544952392578 
100	300	3	174	418.3312502169652	5.403333333333333	 3.473118543624878 
100	300	3	48	419.9160202251095	5.866666666666666	 7.946537494659424 
100	300	3	59	426.5141733831497	5.6033333333333335	 8.106935739517212 
100	300	3	46	420.0796967184598	5.446666666666666	 5.517140626907349 
100	300	3	167	424.4121717471138	5.216666666666667	 5.957742691040039 
100	300	3	64	426.4451372149999	5.87	 6.598664283752441 
100	300	3	195	412.2317118160306	5.81	 3.815107583999634 
100	300	3	43	411.03142499259013	6.003333333333333	 5.77312707901001 
100	300	3	50	420.2941749678694	6.166666666666667	 8.804249286651611 
100	300	3	199	420.5781414088755	5.663333333333333	 8.723034143447876 
100	300	3	42	419.88656063951856	5.443333333333333	 3.675008773803711 
100	300	3	173	427.90326713478834	5.57	 11.814934015274048 
100	300	3	197	424.77955826134144	5.466666666666667	 3.476579427719116 
100	300	3	49	422.9219691294585	5.776666666666666	 7.770934581756592 
100	300	3	180	423.0572831312378	5.283333333333333	 18.279190063476562 
100	300	3	171	431.6584533472718	6.17	 4.354002237319946 
100	300	3	66	415.6178836792542	5.466666666666667	 5.604823350906372 
100	300	3	166	413.0572527118223	5.196666666666666	 2.2501368522644043 
100	300	3	76	419.61806919471064	5.71	 5.597729206085205 
100	300	3	178	421.72910136425605	5.796666666666667	 6.349505662918091 
100	300	3	31	419.3474244665402	6.15	 26.939078330993652 
100	300	3	170	426.75311471707016	5.53	 2.911080837249756 
100	300	3	176	423.50608446030424	5.63	 2.744056463241577 
100	300	3	30	426.72565217668523	5.513333333333334	 9.81991171836853 
100	300	3	58	415.00341253256295	5.836666666666667	 15.385546207427979 
100	300	3	74	425.6950657107876	5.846666666666667	 4.650108814239502 
100	300	3	169	425.3481513105516	5.68	 12.431263208389282 
100	300	3	196	434.18353547714634	5.653333333333333	 3.0229146480560303 
100	300	3	1	423.5786245405874	5.536666666666667	 13.084484577178955 
100	300	3	181	423.8564048143035	5.863333333333333	 9.574556827545166 
100	300	3	175	416.7079558031023	6.076666666666667	 6.281664609909058 
100	300	3	95	420.7492590926929	5.093333333333334	 2.608966112136841 
100	300	3	179	430.39144463477743	5.803333333333334	 2.937117576599121 
100	300	3	77	430.40775427309705	5.516666666666667	 16.108540773391724 
100	300	3	62	425.23819395708847	6.223333333333334	 5.372995376586914 
100	300	3	65	421.8604691380327	5.493333333333333	 4.957894802093506 
100	300	3	198	418.00481321551206	5.496666666666667	 8.719651222229004 
100	300	3	78	428.7733765743168	5.913333333333333	 5.934124946594238 
100	300	3	168	423.87110148145234	5.376666666666667	 4.006993532180786 
100	300	3	73	424.9690783776342	5.38	 3.7052206993103027 
100	300	3	3	416.56759876746804	5.736666666666666	 9.15033483505249 
100	300	3	182	422.5645854833096	5.776666666666666	 6.841240406036377 
100	300	3	100	425.1271236841852	5.81	 2.6435492038726807 
100	300	3	75	419.26467936002757	6.326666666666667	 4.280568361282349 
100	300	3	2	425.5092943433411	5.556666666666667	 2.5528993606567383 
100	300	3	10	410.0569044852465	5.99	 2.5681240558624268 
100	300	3	172	425.73324027225743	6.003333333333333	 8.821843385696411 
100	300	3	81	424.31126305165765	5.53	 14.537033557891846 
100	300	3	183	415.55190339685095	5.336666666666667	 29.430526733398438 
100	300	3	12	414.3539259658114	5.496666666666667	 2.817408561706543 
100	300	3	11	414.01010128866704	5.873333333333333	 4.731564044952393 
100	300	3	44	433.3402091077961	6.35	 67.96517252922058 
100	300	3	96	409.3929729410787	5.546666666666667	 3.332545280456543 
100	300	3	9	428.01448950661023	5.286666666666667	 9.280597925186157 
100	300	3	61	420.41285171173007	5.576666666666667	 46.59471344947815 
100	300	3	99	419.1278552958334	5.066666666666666	 31.098772287368774 
100	300	3	63	431.229653810793	5.376666666666667	 6.409164190292358 
100	300	3	79	428.39112196340295	5.553333333333334	 13.159618616104126 
100	300	3	56	417.317388791025	5.3933333333333335	 3.8691112995147705 
100	300	3	98	421.9206826749362	5.586666666666667	 5.6013312339782715 
100	300	3	94	416.08833475349564	5.913333333333333	 6.352439880371094 
100	300	3	8	427.85974538671945	5.51	 16.954853057861328 
100	300	3	7	424.85652701589436	5.726666666666667	 9.309091806411743 
100	300	3	67	434.73170270571956	6.07	 4.48981499671936 
100	300	3	57	413.9867041761246	5.6033333333333335	 4.780880451202393 
100	300	3	55	421.638576333043	5.443333333333333	 4.087886571884155 
100	300	3	177	424.3779826460366	5.943333333333333	 22.269805908203125 
100	300	3	52	424.1889215132911	5.573333333333333	 9.69885802268982 
100	300	3	89	414.95012423362675	6.373333333333333	 6.0325963497161865 
100	300	3	54	417.2130864688532	5.58	 2.9995241165161133 
100	300	3	90	424.5837124126312	5.566666666666666	 6.133671045303345 
100	300	3	97	424.2442481696872	5.726666666666667	 4.329648971557617 
100	300	3	93	423.98676139192577	5.75	 15.63953971862793 
100	300	3	0	424.7348547605271	5.3133333333333335	 3.1295666694641113 
100	300	3	87	427.25314429655964	5.61	 3.4449973106384277 
100	300	3	37	429.36674413042306	5.3933333333333335	 3.0310089588165283 
100	300	3	88	420.0423644557231	6.346666666666667	 4.781171798706055 
100	300	3	36	421.25295850212905	5.926666666666667	 2.742870330810547 
100	300	3	51	423.0948243810085	6.173333333333333	 5.5855629444122314 
100	300	3	41	421.9840761202048	5.316666666666666	 2.5754380226135254 
100	300	3	104	427.0974966707305	5.456666666666667	 2.5725436210632324 
100	300	3	83	412.1103999116989	5.77	 4.577148675918579 
100	300	3	25	420.06821568931724	5.66	 3.3746306896209717 
100	300	3	34	411.63920287686153	5.713333333333333	 7.231786727905273 
100	300	3	38	425.945778923759	5.536666666666667	 3.5428433418273926 
100	300	3	159	421.634166363185	5.386666666666667	 8.918792009353638 
100	300	3	131	421.14768674193857	5.426666666666667	 16.054874897003174 
100	300	3	27	423.48393669051205	5.47	 2.8698580265045166 
100	300	3	33	426.3887704236393	5.376666666666667	 4.054041385650635 
100	300	3	23	410.3816886312728	6.183333333333334	 2.631077766418457 
100	300	3	160	423.4086324638456	5.836666666666667	 4.4565746784210205 
100	300	3	132	427.11722893283275	5.796666666666667	 3.3918092250823975 
100	300	3	91	419.0079521604341	5.92	 17.855282306671143 
100	300	3	82	420.2862988606599	5.53	 2.176438331604004 
100	300	3	130	419.34769638110765	6.136666666666667	 3.485262155532837 
100	300	3	29	422.3422434426913	5.516666666666667	 3.835568904876709 
100	300	3	35	427.7863644297145	5.36	 5.734101295471191 
100	300	3	16	418.0938094877568	5.423333333333333	 23.404544830322266 
100	300	3	101	427.72402917140374	5.3	 3.573035478591919 
100	300	3	106	418.32232918458857	5.81	 5.2128236293792725 
100	300	3	19	422.187573806968	5.3966666666666665	 2.208979606628418 
100	300	3	127	415.3204364170205	6.433333333333334	 5.949367046356201 
100	300	3	22	425.6730557345642	5.39	 3.9313929080963135 
100	300	3	84	420.20005896636053	6.083333333333333	 6.115285873413086 
100	300	3	103	421.7629068507162	5.466666666666667	 1.9750142097473145 
100	300	3	92	415.76453350891506	5.683333333333334	 9.873811721801758 
100	300	3	102	421.8570436475006	5.35	 5.259719371795654 
100	300	3	161	419.4226109775849	5.463333333333333	 2.1536648273468018 
100	300	3	18	423.9831467887447	5.736666666666666	 4.069902181625366 
100	300	3	164	417.69555101436674	5.64	 3.758129119873047 
100	300	3	40	419.36802684488157	5.816666666666666	 4.574337959289551 
100	300	3	125	422.91282522797576	5.43	 9.24992299079895 
100	300	3	165	418.8456480630492	5.64	 28.97714376449585 
100	300	3	13	420.53967806599013	5.766666666666667	 2.5392868518829346 
100	300	3	128	421.5063279475111	5.533333333333333	 50.038756370544434 
100	300	3	163	426.3500863198881	5.81	 28.903152465820312 
100	300	3	39	427.6841919039644	5.5	 3.000291585922241 
100	300	3	126	412.9564348388903	6.01	 15.416519403457642 
100	300	3	162	426.5300818915134	5.7	 2.4371049404144287 
100	300	3	157	424.1519177705681	5.053333333333334	 69.07078146934509 
100	300	3	105	432.64373174118435	5.66	 29.083626985549927 
100	300	3	80	426.1064782220491	5.3966666666666665	 4.371788024902344 
100	300	3	53	428.2899703859504	5.84	 9.39438533782959 
100	300	3	26	425.44960866104213	6.1433333333333335	 11.894702196121216 
100	300	3	24	427.69347706245526	5.406666666666666	 4.710631847381592 
100	300	3	14	423.781627730334	5.376666666666667	 14.755829811096191 
100	300	3	86	424.67388675495266	5.73	 9.648613452911377 
100	300	3	17	421.5260582959891	5.6066666666666665	 16.354791164398193 
100	300	3	15	420.1970620187285	5.513333333333334	 3.624300003051758 
100	300	3	28	430.4780662518924	5.526666666666666	 8.719251871109009 
100	300	3	129	416.9658411792309	5.716666666666667	 16.08378291130066 
100	300	3	21	412.3025861914647	6.113333333333333	 3.0056450366973877 
100	300	3	45	424.2546603841813	5.77	 9.017300844192505 
100	300	3	20	427.8841874345364	5.573333333333333	 6.199082374572754 
100	300	3	85	420.52240692090794	5.666666666666667	 64.08392810821533 
100	300	3	6	418.15000087672263	5.676666666666667	 8.336943626403809 
100	300	3	141	428.362310322611	5.38	 1.8798134326934814 
100	300	3	158	418.97255534907794	5.756666666666667	 64.78910851478577 
100	300	3	123	428.52502779554027	6.03	 3.9401118755340576 
100	300	3	5	422.89238555414374	5.416666666666667	 27.914337873458862 
100	300	3	4	426.5825365923961	5.296666666666667	 2.915727138519287 
100	300	3	154	425.31212508698127	5.463333333333333	 49.97202253341675 
100	300	3	147	421.48026619366914	5.33	 41.031052589416504 
100	300	3	190	422.431558635668	5.25	 1.986144781112671 
100	300	3	60	429.9965201905346	5.483333333333333	 6.947908401489258 
100	300	3	151	429.03639008015296	5.426666666666667	 2.4065651893615723 
100	300	3	143	426.61624372609367	5.53	 3.720539093017578 
100	300	3	144	423.0315371137098	5.693333333333333	 4.906080961227417 
100	300	3	142	412.25134465440453	5.673333333333333	 5.618093252182007 
100	300	3	133	420.68771104803847	6.286666666666667	 5.817542552947998 
100	300	3	186	419.40027454151266	6.4	 9.31954288482666 
100	300	3	155	412.9925838411438	5.866666666666666	 9.732383966445923 
100	300	3	194	424.4978492091976	5.233333333333333	 9.781903982162476 
100	300	3	138	418.6305794052212	5.616666666666666	 3.768065929412842 
100	300	3	135	428.3837060606631	5.63	 4.0765380859375 
100	300	3	145	415.1283806304753	5.92	 15.738842010498047 
100	300	3	188	429.77083977315385	5.64	 6.95368504524231 
100	300	3	156	425.65967411837516	5.673333333333333	 63.17915678024292 
100	300	3	122	417.62352050127686	5.64	 8.338944673538208 
100	300	3	109	419.2742583152841	5.323333333333333	 2.5669710636138916 
100	300	3	187	416.1259786923014	5.46	 32.62261438369751 
100	300	3	192	416.6769683757148	6.296666666666667	 3.584535837173462 
100	300	3	184	413.4302751210482	5.79	 10.601867437362671 
100	300	3	114	423.76373697825716	5.503333333333333	 4.958815813064575 
100	300	3	113	421.881551740834	6.073333333333333	 26.11299204826355 
100	300	3	116	411.7325819065694	5.67	 3.3814384937286377 
100	300	3	152	422.34997509142335	5.42	 7.290954351425171 
100	300	3	137	413.9549531428442	5.836666666666667	 6.303468704223633 
100	300	3	108	424.83968503441344	5.566666666666666	 14.098100185394287 
100	300	3	149	426.9320927703828	5.78	 52.03169083595276 
100	300	3	124	427.29627016362775	5.5633333333333335	 4.272572994232178 
100	300	3	136	423.1106030108116	5.3966666666666665	 4.578824281692505 
100	300	3	189	426.924645671727	5.193333333333333	 1.8479914665222168 
100	300	3	118	424.22277928886405	5.743333333333333	 4.618061780929565 
100	300	3	193	417.55696611124773	6.02	 3.901376247406006 
100	300	3	191	428.7780048615731	5.753333333333333	 7.438904285430908 
100	300	3	150	414.96663649241304	5.476666666666667	 62.44785404205322 
100	300	3	121	427.1238019657059	5.3933333333333335	 10.310905694961548 
100	300	3	117	428.6315474464956	5.47	 2.5614492893218994 
100	300	3	140	427.3014777286386	5.87	 59.767706632614136 
100	300	3	134	416.4395540277535	5.69	 23.183289766311646 
100	300	3	120	419.20511953194176	6.25	 15.338770389556885 
100	300	3	112	415.75779722194346	5.716666666666667	 25.62732744216919 
100	300	3	185	421.75794110396595	5.99	 4.568645477294922 
100	300	3	68	427.0780280489668	5.27	 5.732866287231445 
100	300	3	119	420.1089187185876	5.873333333333333	 4.9824066162109375 
100	300	3	153	423.57594491722824	5.32	 30.367019176483154 
100	300	3	139	419.44608426458916	5.703333333333333	 20.144150495529175 
100	300	3	146	428.70753683662707	5.543333333333333	 3.5502443313598633 
100	300	3	70	415.6269685146467	6.276666666666666	 28.312032461166382 
100	300	3	69	423.32078152116515	5.99	 7.90877366065979 
100	300	3	115	421.19578328580553	5.74	 4.3044750690460205 
100	300	3	111	426.20988765528864	5.776666666666666	 3.521009922027588 
100	300	3	72	414.8850367483178	5.683333333333334	 52.246763467788696 
100	300	3	110	421.327618620577	5.4	 35.469751596450806 
100	300	3	71	415.13955356435577	5.83	 56.57431983947754 
100	300	3	148	422.54752826471014	5.68	 2.2988288402557373 
