100	52	-1	21	151.5485394966288	151.5485394966288	4.653846153846154
100	52	-1	32	164.0961302078853	164.0961302078853	4.673076923076923
100	52	-1	33	150.91943015121487	150.91943015121487	4.8076923076923075
100	52	-1	34	156.83700006695204	156.83700006695204	4.75
100	52	-1	35	162.9316321330255	162.9316321330255	4.5576923076923075
100	52	-1	31	166.61825853835106	166.61825853835106	5.019230769230769
100	52	-1	18	149.06689792577856	149.06689792577856	4.519230769230769
100	52	-1	17	167.7335159893021	167.7335159893021	4.673076923076923
100	52	-1	19	165.23023149175444	165.23023149175444	4.826923076923077
100	52	-1	16	163.51618380749454	163.51618380749454	4.923076923076923
100	52	-1	20	159.88197094734525	159.88197094734525	4.673076923076923
100	52	-1	15	152.85761344410375	152.85761344410375	4.634615384615385
100	52	-1	48	156.6441916788204	156.6441916788204	4.8076923076923075
100	52	-1	12	159.63009525751116	159.63009525751116	4.75
100	52	-1	13	153.41322995782443	153.41322995782443	4.423076923076923
100	52	-1	53	166.7895050466921	166.7895050466921	4.769230769230769
100	52	-1	52	164.92228309144804	164.92228309144804	4.865384615384615
100	52	-1	11	163.0997386416404	163.0997386416404	4.884615384615385
100	52	-1	47	153.55878493117797	153.55878493117797	5.134615384615385
100	52	-1	29	163.51384788131193	163.51384788131193	4.980769230769231
100	52	-1	30	175.60033046031205	175.60033046031205	5.403846153846154
100	52	-1	50	165.10886449878052	165.10886449878052	4.903846153846154
100	52	-1	49	164.09989875665622	164.09989875665622	5.230769230769231
100	52	-1	51	150.49736325037117	150.49736325037117	4.6923076923076925
100	52	-1	8	159.68457411573434	159.68457411573434	4.653846153846154
100	52	-1	7	161.58058932543628	161.58058932543628	5.038461538461538
100	52	-1	46	153.4650103304459	153.4650103304459	4.884615384615385
100	52	-1	24	159.26770308313914	159.26770308313914	4.634615384615385
100	52	-1	23	157.05170880842766	157.05170880842766	4.923076923076923
100	52	-1	37	158.62556502870285	158.62556502870285	4.596153846153846
100	52	-1	28	159.81780592653647	159.81780592653647	5.0576923076923075
100	52	-1	27	158.68625779018802	158.68625779018802	4.980769230769231
100	52	-1	43	161.59283606459124	161.59283606459124	4.9423076923076925
100	52	-1	44	160.88433497219614	160.88433497219614	5.019230769230769
100	52	-1	45	166.08315451087148	166.08315451087148	5.0
100	52	-1	54	151.64305159261755	151.64305159261755	4.6923076923076925
100	52	-1	14	158.47896946897478	158.47896946897478	4.384615384615385
100	52	-1	57	150.39540897169587	150.39540897169587	4.826923076923077
100	52	-1	4	164.9849247970154	164.9849247970154	4.615384615384615
100	52	-1	6	154.58736076493483	154.58736076493483	4.365384615384615
100	52	-1	5	161.09758701525436	161.09758701525436	4.826923076923077
100	52	-1	38	151.9173562733302	151.9173562733302	4.596153846153846
100	52	-1	39	159.20750534098025	159.20750534098025	5.0576923076923075
100	52	-1	9	162.4842881239435	162.4842881239435	4.730769230769231
100	52	-1	10	165.52182683167655	165.52182683167655	5.0576923076923075
100	52	-1	40	163.93112521937778	163.93112521937778	4.730769230769231
100	52	-1	60	169.47267934167954	169.47267934167954	5.0
100	52	-1	59	163.80053286943544	163.80053286943544	4.730769230769231
100	52	-1	58	163.49730267372107	163.49730267372107	4.711538461538462
100	52	-1	62	155.70404258381	155.70404258381	5.153846153846154
100	52	-1	61	152.36162579116146	152.36162579116146	4.673076923076923
100	52	-1	87	163.0362600114026	163.0362600114026	4.826923076923077
100	52	-1	2	159.79753938655386	159.79753938655386	4.730769230769231
100	52	-1	3	158.2282182179603	158.2282182179603	4.865384615384615
100	52	-1	1	162.99974906783467	162.99974906783467	4.826923076923077
100	52	-1	0	163.42852593363799	163.42852593363799	4.8076923076923075
100	52	-1	42	160.35223414375878	160.35223414375878	4.769230769230769
100	52	-1	41	159.42550108112323	159.42550108112323	4.903846153846154
100	52	-1	66	157.9294102138283	157.9294102138283	4.519230769230769
100	52	-1	65	164.1711047217505	164.1711047217505	4.615384615384615
100	52	-1	64	156.59528595922188	156.59528595922188	4.788461538461538
100	52	-1	63	160.15567913010597	160.15567913010597	5.076923076923077
100	52	-1	117	156.25093583133682	156.25093583133682	4.423076923076923
100	52	-1	119	161.88072653844105	161.88072653844105	4.884615384615385
100	52	-1	118	166.3886881547863	166.3886881547863	5.076923076923077
100	52	-1	93	169.1414783860952	169.1414783860952	5.326923076923077
100	52	-1	95	154.1798680194714	154.1798680194714	4.519230769230769
100	52	-1	92	164.42816337421863	164.42816337421863	4.903846153846154
100	52	-1	94	155.05386536663875	155.05386536663875	4.769230769230769
100	52	-1	96	146.48567463850122	146.48567463850122	4.711538461538462
100	52	-1	100	167.62247981527634	167.62247981527634	5.1923076923076925
100	52	-1	99	150.64570906283976	150.64570906283976	4.673076923076923
100	52	-1	98	164.96303939438772	164.96303939438772	5.3076923076923075
100	52	-1	97	157.76060284602244	157.76060284602244	5.076923076923077
100	52	-1	88	158.0565276597341	158.0565276597341	4.884615384615385
100	52	-1	89	168.30501692148712	168.30501692148712	5.1923076923076925
100	52	-1	91	164.6390272076455	164.6390272076455	4.980769230769231
100	52	-1	90	162.90144423829435	162.90144423829435	4.673076923076923
100	52	-1	36	150.91066959526262	150.91066959526262	4.826923076923077
100	52	-1	78	175.155763891537	175.155763891537	4.961538461538462
100	52	-1	74	162.70926280876202	162.70926280876202	5.288461538461538
100	52	-1	85	156.92521160950025	156.92521160950025	5.153846153846154
100	52	-1	86	166.7454687020498	166.7454687020498	5.211538461538462
100	52	-1	73	163.48145121533526	163.48145121533526	5.0
100	52	-1	75	154.4049411343066	154.4049411343066	4.730769230769231
100	52	-1	79	154.56559050951867	154.56559050951867	4.538461538461538
100	52	-1	83	162.77365358830644	162.77365358830644	4.75
100	52	-1	84	171.11365569497804	171.11365569497804	5.288461538461538
100	52	-1	72	152.93155701734096	152.93155701734096	4.884615384615385
100	52	-1	81	165.29406098200056	165.29406098200056	5.1923076923076925
100	52	-1	76	158.9024217485872	158.9024217485872	4.403846153846154
100	52	-1	82	158.73259419424875	158.73259419424875	4.634615384615385
100	52	-1	71	163.66252488356653	163.66252488356653	5.134615384615385
100	52	-1	80	163.44876710562383	163.44876710562383	5.038461538461538
100	52	-1	77	153.3040249425744	153.3040249425744	4.923076923076923
100	52	-1	22	161.63008561176463	161.63008561176463	4.865384615384615
100	52	-1	124	157.74056317312443	157.74056317312443	4.884615384615385
100	52	-1	134	159.59335262398545	159.59335262398545	4.480769230769231
100	52	-1	133	158.0797547225194	158.0797547225194	4.8076923076923075
100	52	-1	130	165.31497977371225	165.31497977371225	5.076923076923077
100	52	-1	132	166.1786321479646	166.1786321479646	4.865384615384615
100	52	-1	131	157.96665865265277	157.96665865265277	4.615384615384615
100	52	-1	128	156.79497652287236	156.79497652287236	4.826923076923077
100	52	-1	129	159.81440724653336	159.81440724653336	4.846153846153846
100	52	-1	127	165.7423776080878	165.7423776080878	5.230769230769231
100	52	-1	126	157.45968202973057	157.45968202973057	4.6923076923076925
100	52	-1	125	153.1109507641803	153.1109507641803	4.634615384615385
100	52	-1	122	161.90347707335894	161.90347707335894	4.8076923076923075
100	52	-1	120	175.72768077493916	175.72768077493916	5.019230769230769
100	52	-1	121	164.9750554429821	164.9750554429821	5.384615384615385
100	52	-1	123	161.31750637447274	161.31750637447274	5.423076923076923
100	52	-1	109	150.8182377244997	150.8182377244997	4.826923076923077
100	52	-1	104	163.9094251863583	163.9094251863583	4.865384615384615
100	52	-1	112	157.2472036744354	157.2472036744354	4.596153846153846
100	52	-1	114	152.51603364653994	152.51603364653994	4.673076923076923
100	52	-1	103	162.8757246046386	162.8757246046386	4.9423076923076925
100	52	-1	102	153.97074843714842	153.97074843714842	4.634615384615385
100	52	-1	113	151.6827451031995	151.6827451031995	4.9423076923076925
100	52	-1	111	164.95450521232635	164.95450521232635	4.8076923076923075
100	52	-1	110	167.855744400042	167.855744400042	5.096153846153846
100	52	-1	115	159.34844623308038	159.34844623308038	5.076923076923077
100	52	-1	116	155.47454731592975	155.47454731592975	4.653846153846154
100	52	-1	101	164.59601863160523	164.59601863160523	4.903846153846154
100	52	-1	107	157.97063446870035	157.97063446870035	4.788461538461538
100	52	-1	105	161.85494632813513	161.85494632813513	4.923076923076923
100	52	-1	108	161.12822382128144	161.12822382128144	4.961538461538462
100	52	-1	106	148.8267389464823	148.8267389464823	4.8076923076923075
100	52	-1	189	162.9379066129376	162.9379066129376	4.846153846153846
100	52	-1	55	162.0420382932251	162.0420382932251	5.076923076923077
100	52	-1	25	156.05573812522488	156.05573812522488	4.653846153846154
100	52	-1	26	160.7712437252027	160.7712437252027	4.961538461538462
100	52	-1	67	166.15244563218818	166.15244563218818	5.288461538461538
100	52	-1	70	151.21637778427592	151.21637778427592	4.865384615384615
100	52	-1	69	163.08920212369907	163.08920212369907	5.096153846153846
100	52	-1	68	157.18593381544318	157.18593381544318	4.634615384615385
100	52	-1	153	169.9699199794611	169.9699199794611	5.115384615384615
100	52	-1	152	163.2388057053428	163.2388057053428	5.25
100	52	-1	155	146.03941417171072	146.03941417171072	4.903846153846154
100	52	-1	154	157.9007019201644	157.9007019201644	4.769230769230769
100	52	-1	192	168.1530179453595	168.1530179453595	5.153846153846154
100	52	-1	191	167.79369808407773	167.79369808407773	5.0576923076923075
100	52	-1	193	160.73796627955258	160.73796627955258	4.903846153846154
100	52	-1	56	145.31570178989725	145.31570178989725	4.8076923076923075
100	52	-1	166	146.2352967714159	146.2352967714159	4.519230769230769
100	52	-1	157	158.43020585502987	158.43020585502987	4.711538461538462
100	52	-1	161	161.7250099444461	161.7250099444461	4.788461538461538
100	52	-1	167	147.21605624023636	147.21605624023636	4.5
100	52	-1	159	150.18619143258786	150.18619143258786	4.75
100	52	-1	156	165.68795943546658	165.68795943546658	5.019230769230769
100	52	-1	163	163.49639953504342	163.49639953504342	5.134615384615385
100	52	-1	158	159.55291679527366	159.55291679527366	4.615384615384615
100	52	-1	165	157.2573194568238	157.2573194568238	4.75
100	52	-1	164	160.01447008576412	160.01447008576412	4.846153846153846
100	52	-1	160	170.4785231319773	170.4785231319773	5.0
100	52	-1	162	155.39310923801983	155.39310923801983	4.903846153846154
100	52	-1	148	156.92148873406555	156.92148873406555	4.615384615384615
100	52	-1	151	164.8539202103803	164.8539202103803	5.230769230769231
100	52	-1	149	164.11595265944536	164.11595265944536	4.884615384615385
100	52	-1	135	168.5463440856542	168.5463440856542	4.884615384615385
100	52	-1	139	165.26932961273334	165.26932961273334	5.0576923076923075
100	52	-1	141	151.03340863417463	151.03340863417463	4.980769230769231
100	52	-1	138	158.93356546826192	158.93356546826192	4.615384615384615
100	52	-1	136	149.36841679193049	149.36841679193049	4.5576923076923075
100	52	-1	140	163.7517266882025	163.7517266882025	4.961538461538462
100	52	-1	137	163.10620220568515	163.10620220568515	4.923076923076923
100	52	-1	147	156.08637975412506	156.08637975412506	4.653846153846154
100	52	-1	146	167.4695064204121	167.4695064204121	4.903846153846154
100	52	-1	144	149.56061022918854	149.56061022918854	4.730769230769231
100	52	-1	145	170.38302277160034	170.38302277160034	5.403846153846154
100	52	-1	143	157.6972526528526	157.6972526528526	4.653846153846154
100	52	-1	150	157.1610831694736	157.1610831694736	5.4423076923076925
100	52	-1	142	149.5169505097682	149.5169505097682	4.961538461538462
100	52	-1	190	156.91677542276133	156.91677542276133	4.769230769230769
100	52	-1	184	143.21401375942514	143.21401375942514	4.3076923076923075
100	52	-1	198	157.8940363716509	157.8940363716509	5.076923076923077
100	52	-1	199	161.12884470337718	161.12884470337718	4.576923076923077
100	52	-1	186	160.37045820293008	160.37045820293008	5.173076923076923
100	52	-1	185	159.16327795748026	159.16327795748026	4.788461538461538
100	52	-1	187	159.10412871952042	159.10412871952042	5.25
100	52	-1	197	152.34390639706294	152.34390639706294	4.884615384615385
100	52	-1	188	167.1555796302777	167.1555796302777	5.153846153846154
100	52	-1	195	164.92053773199527	164.92053773199527	4.8076923076923075
100	52	-1	196	171.73033342228806	171.73033342228806	5.076923076923077
100	52	-1	194	167.4519448497646	167.4519448497646	5.038461538461538
100	52	-1	174	150.77171543019682	150.77171543019682	4.480769230769231
100	52	-1	168	151.17080649204323	151.17080649204323	4.634615384615385
100	52	-1	171	174.43594046121558	174.43594046121558	5.25
100	52	-1	172	163.47319483126225	163.47319483126225	4.788461538461538
100	52	-1	179	171.23008133079983	171.23008133079983	5.326923076923077
100	52	-1	180	160.05685881098282	160.05685881098282	4.980769230769231
100	52	-1	178	166.44489766594222	166.44489766594222	4.730769230769231
100	52	-1	176	160.38630966131578	160.38630966131578	5.115384615384615
100	52	-1	181	159.5952011977909	159.5952011977909	4.9423076923076925
100	52	-1	182	164.61106230192303	164.61106230192303	4.980769230769231
100	52	-1	177	156.45489454805738	156.45489454805738	4.903846153846154
100	52	-1	183	160.77652452680493	160.77652452680493	4.769230769230769
100	52	-1	175	151.7025772390434	151.7025772390434	4.615384615384615
100	52	-1	173	163.50529326753156	163.50529326753156	4.961538461538462
100	52	-1	170	151.617728618686	151.617728618686	4.961538461538462
100	52	-1	169	154.400074892839	154.400074892839	4.711538461538462
