100	62	-1	13	161.84556712976786	5.387096774193548
100	62	-1	14	159.09395734854877	5.32258064516129
100	62	-1	62	165.40747580794942	6.387096774193548
100	62	-1	47	161.72740653755417	5.661290322580645
100	62	-1	42	165.11729048397763	5.370967741935484
100	62	-1	59	165.9918374331816	5.467741935483871
100	62	-1	58	163.13836376303885	5.532258064516129
100	62	-1	46	161.4534038328719	5.870967741935484
100	62	-1	43	169.21161840127075	5.532258064516129
100	62	-1	44	163.02196790654673	5.5
100	62	-1	30	172.75998518175263	6.241935483870968
100	62	-1	64	163.71837381413545	5.67741935483871
100	62	-1	61	161.05173834555524	5.612903225806452
100	62	-1	32	163.41922039576386	5.774193548387097
100	62	-1	31	161.97364633379107	6.193548387096774
100	62	-1	5	167.8807997255853	5.854838709677419
100	62	-1	15	152.89974679305593	5.258064516129032
100	62	-1	4	163.20329798462208	5.67741935483871
100	62	-1	49	169.9709200634402	6.258064516129032
100	62	-1	48	166.23174600762582	5.516129032258065
100	62	-1	6	158.1101533783601	5.338709677419355
100	62	-1	50	168.94860935631212	6.016129032258065
100	62	-1	174	164.12813905985035	5.161290322580645
100	62	-1	199	167.33952894630482	6.0
100	62	-1	197	153.29869403886514	5.629032258064516
100	62	-1	198	165.5947156208279	6.129032258064516
100	62	-1	195	161.49706635997765	5.983870967741935
100	62	-1	196	170.31451961847466	6.516129032258065
100	62	-1	10	170.66079137220095	5.580645161290323
100	62	-1	11	162.0956167687251	6.354838709677419
100	62	-1	76	159.84798923129517	5.661290322580645
100	62	-1	78	177.33573664125123	6.387096774193548
100	62	-1	2	167.13931791955204	5.483870967741935
100	62	-1	81	163.42794828422623	6.209677419354839
100	62	-1	65	168.92741302546702	5.5
100	62	-1	1	165.94764418921932	6.016129032258065
100	62	-1	66	160.3915273161664	5.564516129032258
100	62	-1	12	162.45638596965819	5.741935483870968
100	62	-1	63	162.4525375063505	6.629032258064516
100	62	-1	170	165.53407840598905	5.564516129032258
100	62	-1	167	154.37073385424824	5.338709677419355
100	62	-1	166	153.2473892507201	5.370967741935484
100	62	-1	80	168.10405944418096	5.919354838709677
100	62	-1	79	163.39038976461592	5.741935483870968
100	62	-1	77	165.31644985204974	6.016129032258065
100	62	-1	168	168.1293340347772	5.645161290322581
100	62	-1	73	170.15528637751558	5.983870967741935
100	62	-1	169	156.08135182177847	5.354838709677419
100	62	-1	175	161.27385519033552	5.806451612903226
100	62	-1	178	168.32690783372578	5.516129032258065
100	62	-1	177	163.7970039845468	5.67741935483871
100	62	-1	179	171.85289227059604	6.919354838709677
100	62	-1	74	166.7674419587831	5.903225806451613
100	62	-1	183	164.26845419078305	5.725806451612903
100	62	-1	176	163.9176584775103	5.983870967741935
100	62	-1	172	167.6369193091402	5.548387096774194
100	62	-1	171	176.7840452270799	6.467741935483871
100	62	-1	75	165.3096648365736	5.790322580645161
100	62	-1	180	161.31433147201264	5.790322580645161
100	62	-1	173	167.75160670702064	5.854838709677419
100	62	-1	181	165.21544187662147	5.919354838709677
100	62	-1	95	159.33153708807876	5.290322580645161
100	62	-1	98	167.88798758322005	6.32258064516129
100	62	-1	3	167.78882639190266	5.67741935483871
100	62	-1	99	158.63848088965483	5.887096774193548
100	62	-1	100	164.15570869268882	6.209677419354839
100	62	-1	96	150.2013352775899	5.709677419354839
100	62	-1	131	160.00794029556297	5.32258064516129
100	62	-1	182	174.32623985423731	6.209677419354839
100	62	-1	130	164.83203061168751	5.951612903225806
100	62	-1	127	166.94386794381177	6.709677419354839
100	62	-1	67	170.75129306420703	6.32258064516129
100	62	-1	7	171.75040965592885	6.338709677419355
100	62	-1	51	159.7959285809518	5.693548387096774
100	62	-1	56	150.77280034831347	5.5
100	62	-1	9	158.09107570932247	6.370967741935484
100	62	-1	52	167.36242704367163	5.903225806451613
100	62	-1	54	159.11931461607426	5.693548387096774
100	62	-1	97	170.63593503277465	5.532258064516129
100	62	-1	53	169.12251405917405	5.274193548387097
100	62	-1	186	164.11838167062677	5.887096774193548
100	62	-1	184	156.24741788999748	5.741935483870968
100	62	-1	57	160.252228769405	5.774193548387097
100	62	-1	187	168.194987414921	6.32258064516129
100	62	-1	8	160.7559058037031	5.467741935483871
100	62	-1	190	161.96382918312804	5.548387096774194
100	62	-1	192	167.97329660414692	6.483870967741935
100	62	-1	185	163.2985239669325	6.048387096774194
100	62	-1	132	164.35743031968974	5.838709677419355
100	62	-1	189	166.43898271766287	5.483870967741935
100	62	-1	128	162.3140419215092	6.145161290322581
100	62	-1	0	168.3110467295937	5.790322580645161
100	62	-1	55	167.73520263221357	5.838709677419355
100	62	-1	112	161.19943932330548	5.451612903225806
100	62	-1	119	167.89970809530703	5.645161290322581
100	62	-1	109	164.0114249106606	6.080645161290323
100	62	-1	113	163.78152865173794	5.419354838709677
100	62	-1	118	171.82095758173747	6.048387096774194
100	62	-1	122	159.29608830423248	5.935483870967742
100	62	-1	117	162.38770970552244	6.096774193548387
100	62	-1	60	172.6099125571922	6.32258064516129
100	62	-1	120	171.82125082279174	6.274193548387097
100	62	-1	94	165.11570844004652	5.548387096774194
100	62	-1	116	160.80198230017348	5.629032258064516
100	62	-1	111	167.1007984811057	5.354838709677419
100	62	-1	40	167.84996000763095	5.306451612903226
100	62	-1	34	157.81266202964227	5.854838709677419
100	62	-1	93	169.21372661737468	6.645161290322581
100	62	-1	33	157.11509844301796	5.32258064516129
100	62	-1	35	164.63527869011446	5.629032258064516
100	62	-1	91	162.27026734953665	6.290322580645161
100	62	-1	37	155.4344328996203	6.258064516129032
100	62	-1	90	163.8303841823078	6.516129032258065
100	62	-1	39	163.82598403386055	6.258064516129032
100	62	-1	36	160.42930438461786	5.661290322580645
100	62	-1	87	170.03861680291712	5.790322580645161
100	62	-1	85	158.34429037625088	6.032258064516129
100	62	-1	38	157.46912765436954	5.290322580645161
100	62	-1	41	168.98817649430052	6.193548387096774
100	62	-1	83	162.8199880553559	6.354838709677419
100	62	-1	88	165.69011825547264	6.225806451612903
100	62	-1	86	171.58386342683852	6.370967741935484
100	62	-1	106	154.98136491151214	6.129032258064516
100	62	-1	102	162.65746240719383	5.516129032258065
100	62	-1	160	169.93540265593742	5.967741935483871
100	62	-1	104	166.7362255007709	5.532258064516129
100	62	-1	159	159.85801707471552	5.516129032258065
100	62	-1	157	165.08759241360676	5.645161290322581
100	62	-1	101	167.02977479833817	5.370967741935484
100	62	-1	92	164.66414687727794	6.338709677419355
100	62	-1	89	168.78094725924248	6.370967741935484
100	62	-1	162	163.02115530852313	5.67741935483871
100	62	-1	103	165.51819459177858	6.129032258064516
100	62	-1	165	158.95107665144602	6.096774193548387
100	62	-1	163	161.52109666899622	6.258064516129032
100	62	-1	84	171.8896295231954	6.838709677419355
100	62	-1	105	166.25189521303955	6.306451612903226
100	62	-1	161	162.537467146302	5.790322580645161
100	62	-1	158	160.44534120631207	5.580645161290323
100	62	-1	82	158.39826383284694	5.661290322580645
100	62	-1	124	166.29907283542994	5.903225806451613
100	62	-1	108	171.05931232239942	6.532258064516129
100	62	-1	115	165.7223686598036	5.693548387096774
100	62	-1	114	160.38709758074293	5.32258064516129
100	62	-1	121	167.81335979646605	6.387096774193548
100	62	-1	164	163.1139773919897	6.112903225806452
100	62	-1	45	167.43770337248904	6.435483870967742
100	62	-1	155	158.65903611960897	5.967741935483871
100	62	-1	142	159.30395817483839	5.580645161290323
100	62	-1	141	158.736847377133	5.741935483870968
100	62	-1	154	161.17803305774873	6.645161290322581
100	62	-1	146	167.92671151188995	6.338709677419355
100	62	-1	147	161.08590225213564	5.483870967741935
100	62	-1	144	156.75003898040356	6.241935483870968
100	62	-1	140	169.59209041036004	5.435483870967742
100	62	-1	145	166.9767984045796	7.193548387096774
100	62	-1	143	160.75971363137586	5.854838709677419
100	62	-1	150	169.1007448625452	6.096774193548387
100	62	-1	148	168.55993825655057	5.532258064516129
100	62	-1	153	166.58614769295906	6.532258064516129
100	62	-1	151	168.70158180275018	6.693548387096774
100	62	-1	152	159.3472568110894	6.645161290322581
100	62	-1	156	174.65556008353224	6.741935483870968
100	62	-1	149	160.56945407724876	6.241935483870968
100	62	-1	27	166.96374162699217	5.951612903225806
100	62	-1	25	163.1702386630749	5.548387096774194
100	62	-1	17	168.53005766469758	5.887096774193548
100	62	-1	18	163.06741028742792	5.435483870967742
100	62	-1	23	159.5382585341491	6.193548387096774
100	62	-1	26	168.3279278969078	5.806451612903226
100	62	-1	28	169.63599667923646	5.758064516129032
100	62	-1	22	169.74280240501727	5.354838709677419
100	62	-1	24	168.93574540879888	5.532258064516129
100	62	-1	16	167.79044024174075	5.5
100	62	-1	20	164.34247509606678	5.790322580645161
100	62	-1	29	173.6165797757312	5.854838709677419
100	62	-1	21	158.93859745545765	5.483870967741935
100	62	-1	19	166.25849664980052	6.241935483870968
100	62	-1	125	156.942688387221	6.17741935483871
100	62	-1	129	162.86173420203295	6.096774193548387
100	62	-1	126	161.44458897557544	5.82258064516129
100	62	-1	123	167.54302327305516	6.370967741935484
100	62	-1	134	162.66763409190062	5.419354838709677
100	62	-1	138	166.58875083437854	5.225806451612903
100	62	-1	137	164.83096665757924	6.032258064516129
100	62	-1	133	163.14298721942293	5.919354838709677
100	62	-1	135	171.25858569203925	5.838709677419355
100	62	-1	136	159.85467811631244	5.612903225806452
100	62	-1	139	169.1012776800319	6.161290322580645
100	62	-1	110	164.08227584156037	6.241935483870968
100	62	-1	188	170.29682862057436	6.629032258064516
100	62	-1	191	172.2600496741066	5.838709677419355
100	62	-1	193	166.0829380200868	6.048387096774194
100	62	-1	194	164.59397109612368	6.435483870967742
100	62	-1	68	163.97933970139746	5.693548387096774
100	62	-1	72	158.48767727579647	5.596774193548387
100	62	-1	70	166.38681389943693	5.580645161290323
100	62	-1	71	165.27295372122242	5.854838709677419
100	62	-1	69	167.79767993387085	6.112903225806452
