100	168	3	13	312.6788747192373	5.095238095238095	 0.7957499027252197 
100	168	3	14	303.7933301620517	5.321428571428571	 2.1303064823150635 
100	168	3	62	314.1144328600998	5.875	 0.8831093311309814 
100	168	3	47	313.1073850063051	5.190476190476191	 1.236180067062378 
100	168	3	32	300.0666382300408	5.267857142857143	 2.4391672611236572 
100	168	3	5	305.9659171798405	5.166666666666667	 8.216524600982666 
100	168	3	64	305.5248129535923	5.511904761904762	 4.4796977043151855 
100	168	3	4	302.4640192608233	5.321428571428571	 2.1825218200683594 
100	168	3	31	304.8775249755403	5.815476190476191	 4.410740852355957 
100	168	3	15	297.207028140492	5.220238095238095	 1.0293962955474854 
100	168	3	195	303.053687536265	5.255952380952381	 0.9546763896942139 
100	168	3	46	305.0937859874083	5.053571428571429	 0.9307770729064941 
100	168	3	199	311.7291121685942	5.142857142857143	 2.1563549041748047 
100	168	3	48	304.5405301257209	5.4523809523809526	 1.8858163356781006 
100	168	3	59	311.0262467852706	5.369047619047619	 2.0432636737823486 
100	168	3	6	304.622439965944	5.541666666666667	 1.1530470848083496 
100	168	3	61	305.4347580496182	5.4523809523809526	 0.9736948013305664 
100	168	3	49	315.9795318495288	5.446428571428571	 1.42722749710083 
100	168	3	50	311.17448827223654	5.166666666666667	 3.2092177867889404 
100	168	3	44	312.88899940983	5.744047619047619	 1.1491730213165283 
100	168	3	174	302.47232207150694	5.315476190476191	 2.3112809658050537 
100	168	3	43	301.90662548428077	5.791666666666667	 3.3448753356933594 
100	168	3	30	312.2946064386732	5.380952380952381	 9.072427749633789 
100	168	3	65	309.4607662712903	5.166666666666667	 1.3324904441833496 
100	168	3	42	304.5656996878919	5.267857142857143	 2.3928751945495605 
100	168	3	177	309.44884941591624	5.833333333333333	 2.003628730773926 
100	168	3	167	309.11114172243157	5.023809523809524	 1.395052433013916 
100	168	3	76	300.7409495097158	5.208333333333333	 4.225897789001465 
100	168	3	58	299.5890827381255	5.517857142857143	 1.4969379901885986 
100	168	3	179	312.38446011721027	6.017857142857143	 4.335414171218872 
100	168	3	66	305.20221258605187	4.863095238095238	 1.95133376121521 
100	168	3	170	299.51653501843737	5.565476190476191	 2.1424601078033447 
100	168	3	180	304.6848433363287	5.5773809523809526	 0.9624230861663818 
100	168	3	196	319.2745646274562	5.428571428571429	 1.069230318069458 
100	168	3	176	305.16889021214513	5.714285714285714	 2.254462480545044 
100	168	3	74	312.22766311018995	5.779761904761905	 1.8123717308044434 
100	168	3	168	296.3655088191567	5.392857142857143	 2.476597547531128 
100	168	3	77	304.7786271608882	5.976190476190476	 1.1193532943725586 
100	168	3	1	309.65867266138923	5.648809523809524	 1.2735986709594727 
100	168	3	173	311.696548644722	5.315476190476191	 1.331908941268921 
100	168	3	178	305.37542194451964	5.7976190476190474	 1.3155732154846191 
100	168	3	172	313.06198729343936	5.9523809523809526	 1.492206335067749 
100	168	3	171	317.0564729283367	5.666666666666667	 1.926745891571045 
100	168	3	169	312.3722643943614	5.333333333333333	 1.106389045715332 
100	168	3	78	318.2050632058278	5.5476190476190474	 1.5099172592163086 
100	168	3	181	312.5520375128398	5.446428571428571	 2.0567758083343506 
100	168	3	175	308.3089512079946	5.964285714285714	 2.0848519802093506 
100	168	3	75	306.5257394522796	5.732142857142857	 5.907966613769531 
100	168	3	166	303.5291541281743	5.035714285714286	 21.20699405670166 
100	168	3	197	297.52228150888556	5.446428571428571	 35.037867069244385 
100	168	3	95	305.8765585670817	4.690476190476191	 1.1505529880523682 
100	168	3	96	296.58686648811187	5.136904761904762	 1.45259690284729 
100	168	3	2	309.4309999408133	5.136904761904762	 2.503178596496582 
100	168	3	79	311.0595523836694	5.333333333333333	 5.099157333374023 
100	168	3	198	309.37954339068796	5.565476190476191	 24.101809978485107 
100	168	3	10	304.48508738514187	5.601190476190476	 40.33281993865967 
100	168	3	3	309.52019987932147	5.470238095238095	 1.3529257774353027 
100	168	3	99	299.8393192064865	5.434523809523809	 1.6456809043884277 
100	168	3	182	304.1426886481851	5.809523809523809	 0.9378495216369629 
100	168	3	63	303.8090945193129	5.214285714285714	 4.634594440460205 
100	168	3	183	303.315108975756	5.1726190476190474	 4.935600280761719 
100	168	3	100	306.49584067876964	5.5773809523809526	 1.9441170692443848 
100	168	3	11	299.1903900063106	6.2023809523809526	 2.9431028366088867 
100	168	3	7	306.32339509036234	5.380952380952381	 4.951895236968994 
100	168	3	73	311.7192315040575	5.470238095238095	 1.3866832256317139 
100	168	3	12	299.5092086091814	5.5	 1.642784595489502 
100	168	3	81	309.08203846219163	5.744047619047619	 0.9958539009094238 
100	168	3	9	301.31914901263633	5.315476190476191	 1.5824878215789795 
100	168	3	51	313.5600511863772	5.589285714285714	 2.3334157466888428 
100	168	3	8	308.0792987801189	5.226190476190476	 0.9215438365936279 
100	168	3	97	311.3818100037416	5.482142857142857	 1.549623966217041 
100	168	3	56	296.248267441302	5.428571428571429	 2.083192825317383 
100	168	3	67	310.3985619161191	6.279761904761905	 14.338497877120972 
100	168	3	57	296.33552454151794	5.178571428571429	 5.3126304149627686 
100	168	3	52	300.9745544814873	5.517857142857143	 1.7054204940795898 
100	168	3	94	304.2966173092328	5.279761904761905	 0.9259140491485596 
100	168	3	98	304.9384230700315	5.684523809523809	 36.42195010185242 
100	168	3	54	296.9893568475228	5.369047619047619	 3.1345396041870117 
100	168	3	55	305.7542874766567	5.333333333333333	 10.082273483276367 
100	168	3	91	298.39640646815064	5.910714285714286	 1.6980631351470947 
100	168	3	87	311.7124623395543	5.601190476190476	 2.970548629760742 
100	168	3	83	301.372350712102	5.279761904761905	 2.9710187911987305 
100	168	3	93	314.5617841499236	5.434523809523809	 4.5223917961120605 
100	168	3	88	306.7548808891444	5.8273809523809526	 5.1774067878723145 
100	168	3	85	313.96986122688133	5.363095238095238	 5.177762031555176 
100	168	3	0	309.5766798259825	5.25	 2.381692409515381 
100	168	3	60	314.43096593378164	5.5476190476190474	 2.964231252670288 
100	168	3	89	306.69549132956877	5.398809523809524	 1.138948678970337 
100	168	3	90	305.17989173381926	5.625	 1.7810966968536377 
100	168	3	37	306.9747591861275	5.375	 2.3243978023529053 
100	168	3	35	309.3045154686201	5.3273809523809526	 6.206951379776001 
100	168	3	34	297.012947431517	5.553571428571429	 1.5970458984375 
100	168	3	39	311.56185536045535	5.357142857142857	 3.259166955947876 
100	168	3	159	303.6891547117878	5.232142857142857	 1.6685051918029785 
100	168	3	86	308.75150479751073	5.571428571428571	 2.445516586303711 
100	168	3	33	305.8130218456487	5.488095238095238	 4.020936727523804 
100	168	3	160	311.21352830669974	5.940476190476191	 2.654649496078491 
100	168	3	36	304.4181608746279	5.678571428571429	 1.4771196842193604 
100	168	3	40	311.9732356248159	5.279761904761905	 4.017276287078857 
100	168	3	41	303.81332957399457	5.541666666666667	 1.27799391746521 
100	168	3	157	304.83918829777986	5.053571428571429	 1.3118805885314941 
100	168	3	104	308.1610777321804	5.053571428571429	 2.2438807487487793 
100	168	3	82	304.8555884369932	5.821428571428571	 1.9182095527648926 
100	168	3	101	303.9778960459423	4.982142857142857	 2.244593381881714 
100	168	3	155	295.7821513574602	5.815476190476191	 3.0097427368164062 
100	168	3	102	302.1354242213722	5.244047619047619	 0.9601583480834961 
100	168	3	154	312.9350128205164	5.017857142857143	 0.7963573932647705 
100	168	3	53	313.26233468055335	5.559523809523809	 1.4238746166229248 
100	168	3	38	303.4040429111687	5.4226190476190474	 1.6734912395477295 
100	168	3	147	307.88241449886306	5.095238095238095	 0.7062585353851318 
100	168	3	141	298.47310386335386	5.369047619047619	 1.9337356090545654 
100	168	3	143	316.1078398787721	5.220238095238095	 2.1158363819122314 
100	168	3	142	292.78639655672845	5.553571428571429	 4.418656587600708 
100	168	3	151	306.42971860908006	5.898809523809524	 2.7749552726745605 
100	168	3	140	308.6781644057307	5.869047619047619	 1.262042760848999 
100	168	3	162	310.90575416128297	5.494047619047619	 2.4108853340148926 
100	168	3	103	306.25179654148155	5.535714285714286	 1.9717638492584229 
100	168	3	150	304.8979704002708	5.601190476190476	 3.5668976306915283 
100	168	3	165	303.29531596436084	5.190476190476191	 1.8744537830352783 
100	168	3	145	309.8488465490727	5.654761904761905	 2.803347110748291 
100	168	3	84	309.7469213137361	6.0773809523809526	 2.601475477218628 
100	168	3	163	313.29915469466783	5.642857142857143	 1.5028636455535889 
100	168	3	106	301.96002505051337	5.708333333333333	 1.549685001373291 
100	168	3	92	300.5631152977303	5.994047619047619	 9.141045093536377 
100	168	3	105	310.13561053549137	5.684523809523809	 9.970956563949585 
100	168	3	158	307.88003400395814	5.595238095238095	 1.522533893585205 
100	168	3	161	301.1567349593602	5.630952380952381	 0.9916267395019531 
100	168	3	23	296.16032361367564	5.660714285714286	 1.9808714389801025 
100	168	3	25	311.26411305458146	5.369047619047619	 1.4015476703643799 
100	168	3	164	296.635471961073	5.720238095238095	 1.263392686843872 
100	168	3	16	305.5347438960182	5.2023809523809526	 3.6843817234039307 
100	168	3	45	311.2790611478132	5.666666666666667	 8.367713928222656 
100	168	3	17	309.626219664966	5.160714285714286	 2.603243589401245 
100	168	3	131	298.68338126562156	5.190476190476191	 1.5708341598510742 
100	168	3	27	305.71991541342874	5.416666666666667	 1.8012852668762207 
100	168	3	19	308.86161079132756	5.517857142857143	 1.0718445777893066 
100	168	3	21	299.95559559022274	5.369047619047619	 0.8548352718353271 
100	168	3	128	310.4184285972399	5.238095238095238	 1.3569879531860352 
100	168	3	18	312.93915843664143	5.404761904761905	 0.9158961772918701 
100	168	3	132	312.5360849264811	5.660714285714286	 1.8306407928466797 
100	168	3	127	306.9390023698648	5.696428571428571	 2.340608835220337 
100	168	3	26	305.8973742035887	5.714285714285714	 1.5392725467681885 
100	168	3	130	307.00184204421765	5.410714285714286	 6.107823371887207 
100	168	3	29	311.1952200242874	5.315476190476191	 3.5097556114196777 
100	168	3	22	302.50975728582443	5.529761904761905	 6.643725872039795 
100	168	3	126	304.35444877716293	5.345238095238095	 0.9933006763458252 
100	168	3	80	312.07206133547777	5.428571428571429	 2.1670236587524414 
100	168	3	129	300.41577394981203	5.916666666666667	 1.5920002460479736 
100	168	3	20	317.93705810136674	5.2976190476190474	 24.09624695777893 
100	168	3	28	308.35302045594165	5.660714285714286	 1.009486198425293 
100	168	3	24	307.112971427217	5.369047619047619	 36.52684950828552 
100	168	3	125	300.17724702522474	5.416666666666667	 36.32358765602112 
100	168	3	123	314.9624370588824	5.619047619047619	 5.963027477264404 
100	168	3	144	300.2890702122575	5.517857142857143	 165.90759015083313 
100	168	3	152	304.1299815441529	5.5773809523809526	 160.86564898490906 
100	168	3	149	301.2274262118394	6.095238095238095	 109.41876888275146 
100	168	3	156	310.93825932881276	5.428571428571429	 108.11267876625061 
100	168	3	134	305.3534885236702	5.25	 3.1274561882019043 
100	168	3	133	305.9312348193274	5.630952380952381	 5.751489877700806 
100	168	3	148	310.4440759052538	5.196428571428571	 1.369340419769287 
100	168	3	153	306.14325561521	5.410714285714286	 1.4728419780731201 
100	168	3	146	313.46432136349114	5.565476190476191	 1.220592737197876 
100	168	3	135	315.1016286125778	5.392857142857143	 3.0129661560058594 
100	168	3	112	300.0685863890067	4.982142857142857	 2.7201945781707764 
100	168	3	116	297.52129116674234	5.339285714285714	 0.9707920551300049 
100	168	3	113	306.7655968997984	5.636904761904762	 1.4299046993255615 
100	168	3	122	310.42396181187667	5.267857142857143	 5.128075361251831 
100	168	3	117	306.26516264280633	6.005952380952381	 2.083832025527954 
100	168	3	139	306.98901758806306	5.5476190476190474	 2.971768617630005 
100	168	3	109	307.6667207893718	5.130952380952381	 1.571903944015503 
100	168	3	121	303.5377847080377	5.875	 0.8249225616455078 
100	168	3	138	308.27132986814144	5.023809523809524	 12.657196760177612 
100	168	3	108	305.46157154137035	5.898809523809524	 4.41630482673645 
100	168	3	136	299.1364781109324	5.541666666666667	 4.706288576126099 
100	168	3	137	303.86514838184956	5.392857142857143	 6.769733667373657 
100	168	3	114	299.1568616468981	5.4226190476190474	 0.8430829048156738 
100	168	3	119	307.189443581107	5.678571428571429	 1.3048622608184814 
100	168	3	190	304.0348190970531	5.279761904761905	 0.9201843738555908 
100	168	3	187	306.2257185426983	5.3273809523809526	 1.6648404598236084 
100	168	3	184	301.6287234532464	5.101190476190476	 2.0174036026000977 
100	168	3	185	316.7323971092907	5.0476190476190474	 4.275914430618286 
100	168	3	186	303.048580730986	6.309523809523809	 3.6820056438446045 
100	168	3	194	311.5951170135335	5.309523809523809	 2.2349965572357178 
100	168	3	188	312.1946053498692	5.791666666666667	 1.2993829250335693 
100	168	3	189	309.14513145062773	4.934523809523809	 4.863531589508057 
100	168	3	124	310.56117635473134	5.440476190476191	 2.7368576526641846 
100	168	3	191	312.3224267633163	5.803571428571429	 1.8020150661468506 
100	168	3	192	303.44962944305365	6.315476190476191	 2.2717366218566895 
100	168	3	193	305.36811995943845	5.321428571428571	 0.9500586986541748 
100	168	3	118	311.02553795352026	5.875	 58.68094491958618 
100	168	3	110	301.15903047917584	5.589285714285714	 52.73433041572571 
100	168	3	120	303.70197589068965	5.755952380952381	 51.66816854476929 
100	168	3	111	308.2045249492565	5.678571428571429	 46.519201040267944 
100	168	3	115	301.08530580843853	5.851190476190476	 49.816092014312744 
100	168	3	68	306.59435764128375	5.053571428571429	 0.8070216178894043 
100	168	3	72	304.8605679923478	5.375	 1.1937143802642822 
100	168	3	70	301.2331206008403	5.333333333333333	 1.8011956214904785 
100	168	3	69	303.2276832505355	5.2976190476190474	 2.036587715148926 
100	168	3	71	297.3794304131149	5.851190476190476	 7.8657965660095215 
