100	8	3	13	28.0	3.5	0.00022935867309570312
100	8	3	15	36.65685424949238	4.875	0.00026106834411621094
100	8	3	14	33.29252873988395	4.625	0.0002582073211669922
100	8	3	32	36.65685424949238	4.875	0.0002956390380859375
100	8	3	31	30.56047793231507	4.125	0.0002923011779785156
100	8	3	30	34.974691494688166	4.75	0.00031113624572753906
100	8	3	48	38.65685424949238	5.125	0.00031948089599609375
100	8	3	49	41.89949493661166	5.75	0.0003235340118408203
100	8	3	50	38.21733218180745	5.625	0.0003018379211425781
100	8	3	42	42.82842712474619	5.5	0.00030422210693359375
100	8	3	43	44.89949493661167	6.125	0.00032520294189453125
100	8	3	44	34.853006672199015	5.375	0.00031685829162597656
100	8	3	47	29.70674230225704	4.25	0.0002925395965576172
100	8	3	45	42.0	5.25	0.0003190040588378906
100	8	3	46	38.656854249492376	5.125	0.0002884864807128906
100	8	3	62	33.48528137423857	4.625	0.0003039836883544922
100	8	3	16	39.485281374238575	5.375	0.0003020763397216797
100	8	3	28	29.485281374238575	4.125	0.0002689361572265625
100	8	3	29	36.38890505706126	5.0	0.0002589225769042969
100	8	3	25	33.071067811865476	4.5	0.0002593994140625
100	8	3	24	30.82842712474619	4.0	0.0002460479736328125
100	8	3	61	37.41421356237309	4.75	0.0002903938293457031
100	8	3	27	37.65685424949238	5.0	0.00028705596923828125
100	8	3	26	34.242640687119284	4.5	0.00026106834411621094
100	8	3	23	35.242640687119284	4.625	0.0002751350402832031
100	8	3	19	39.828427124746185	5.125	0.0002841949462890625
100	8	3	64	35.24264068711929	4.625	0.0002727508544921875
100	8	3	17	35.82842712474619	4.625	0.0002741813659667969
100	8	3	20	38.65685424949238	5.125	0.00028634071350097656
100	8	3	18	32.65685424949238	4.375	0.000255584716796875
100	8	3	22	35.48528137423857	4.875	0.0002665519714355469
100	8	3	21	34.72792206135786	5.0	0.00027632713317871094
100	8	3	5	35.41421356237309	4.5	0.0002663135528564453
100	8	3	4	31.414213562373096	4.0	0.0002529621124267578
100	8	3	6	37.82842712474619	4.875	0.0002789497375488281
100	8	3	59	41.72792206135785	5.875	0.00030517578125
100	8	3	58	41.071067811865476	5.5	0.0002994537353515625
100	8	3	65	37.0	4.625	0.0003204345703125
100	8	3	12	40.24264068711928	5.25	0.0003437995910644531
100	8	3	11	36.38890505706126	5.0	0.0003230571746826172
100	8	3	10	41.24264068711929	5.375	0.0003254413604736328
100	8	3	1	34.656854249492376	4.625	0.0002980232238769531
100	8	3	2	36.65685424949238	4.875	0.00030231475830078125
100	8	3	3	33.24264068711929	4.375	0.0002758502960205078
100	8	3	63	42.071067811865476	5.625	0.0003135204315185547
100	8	3	0	38.656854249492376	5.125	0.0002951622009277344
100	8	3	8	25.414213562373096	3.25	0.00024437904357910156
100	8	3	7	36.65685424949238	4.875	0.0002760887145996094
100	8	3	9	25.82842712474619	3.375	0.0002307891845703125
100	8	3	95	37.242640687119284	4.875	0.0002779960632324219
100	8	3	96	38.24264068711929	5.0	0.00027942657470703125
100	8	3	97	32.899494936611674	4.625	0.0002772808074951172
100	8	3	66	37.63154574418054	5.375	0.0003123283386230469
100	8	3	55	42.828427124746185	5.5	0.0002982616424560547
100	8	3	52	36.29252873988395	5.0	0.0002913475036621094
100	8	3	51	41.97469149468816	5.625	0.0002970695495605469
100	8	3	54	39.65685424949238	5.25	0.00029015541076660156
100	8	3	53	37.24264068711929	4.875	0.0002777576446533203
100	8	3	56	32.04575930655364	4.75	0.0002772808074951172
100	8	3	57	37.828427124746185	4.875	0.0002732276916503906
100	8	3	79	36.071067811865476	4.875	0.0002841949462890625
100	8	3	76	25.82842712474619	3.375	0.00023674964904785156
100	8	3	78	37.65685424949238	5.0	0.0003001689910888672
100	8	3	75	35.24264068711929	4.625	0.000278472900390625
100	8	3	74	41.24264068711929	5.375	0.00030350685119628906
100	8	3	81	42.89949493661166	5.875	0.00034117698669433594
100	8	3	80	35.31370849898477	5.0	0.0003147125244140625
100	8	3	73	33.82842712474619	4.375	0.0002639293670654297
100	8	3	77	38.82842712474619	5.0	0.0002868175506591797
100	8	3	67	38.89949493661166	5.375	0.0003025531768798828
100	8	3	100	39.48528137423857	5.375	0.0002751350402832031
100	8	3	98	38.12095586463013	5.375	0.0002696514129638672
100	8	3	99	40.24264068711929	5.25	0.0002732276916503906
100	8	3	72	39.24264068711929	5.125	0.0003006458282470703
100	8	3	71	37.071067811865476	5.0	0.0002942085266113281
100	8	3	68	38.82842712474619	5.0	0.0003371238708496094
100	8	3	69	38.24264068711929	5.0	0.00030684471130371094
100	8	3	70	40.828427124746185	5.25	0.0002999305725097656
100	8	3	60	33.56047793231507	4.5	0.00028514862060546875
100	8	3	128	37.65685424949238	5.0	0.0002713203430175781
100	8	3	127	44.82842712474619	5.75	0.0002760887145996094
100	8	3	131	34.071067811865476	5.125	0.0002841949462890625
100	8	3	130	33.82842712474619	4.625	0.0002677440643310547
100	8	3	132	42.828427124746185	5.5	0.000274658203125
100	8	3	172	34.24264068711929	4.5	0.0002834796905517578
100	8	3	170	34.72792206135786	5.0	0.0002741813659667969
100	8	3	195	35.41421356237309	4.5	0.00025844573974609375
100	8	3	198	43.656854249492376	5.75	0.0003044605255126953
100	8	3	129	34.56047793231507	4.625	0.00025272369384765625
100	8	3	125	32.485281374238575	4.5	0.0002677440643310547
100	8	3	196	39.828427124746185	5.125	0.0002739429473876953
100	8	3	199	31.656854249492383	4.25	0.0002593994140625
100	8	3	197	37.82842712474619	4.875	0.00028014183044433594
100	8	3	126	35.24264068711929	4.625	0.00027298927307128906
100	8	3	178	37.071067811865476	5.0	0.00029087066650390625
100	8	3	179	34.48528137423857	4.75	0.0002639293670654297
100	8	3	174	26.414213562373096	3.375	0.0002415180206298828
100	8	3	176	39.31370849898477	5.75	0.00030303001403808594
100	8	3	177	35.899494936611674	5.0	0.0002751350402832031
100	8	3	167	34.82842712474619	4.5	0.0003020763397216797
100	8	3	168	31.727922061357862	4.625	0.0003032684326171875
100	8	3	173	39.31370849898477	5.5	0.00030303001403808594
100	8	3	169	33.24264068711929	4.375	0.0002906322479248047
100	8	3	123	38.80311861943436	5.375	0.0003097057342529297
100	8	3	180	38.31370849898477	5.375	0.0002853870391845703
100	8	3	175	38.97469149468816	5.25	0.00028014183044433594
100	8	3	181	32.97469149468816	4.5	0.0002849102020263672
100	8	3	41	31.656854249492383	4.25	0.0003056526184082031
100	8	3	38	29.414213562373096	3.75	0.0002646446228027344
100	8	3	39	34.82842712474619	4.5	0.000286102294921875
100	8	3	37	32.82842712474619	4.25	0.00030875205993652344
100	8	3	36	31.65685424949238	4.25	0.00027441978454589844
100	8	3	35	23.82842712474619	3.125	0.0002570152282714844
100	8	3	33	35.48528137423857	4.875	0.0003154277801513672
100	8	3	34	32.65685424949238	4.375	0.00029754638671875
100	8	3	40	30.29252873988395	4.25	0.00027489662170410156
100	8	3	171	33.04575930655364	5.125	0.0002856254577636719
100	8	3	183	28.07106781186548	3.875	0.00026607513427734375
100	8	3	182	39.974691494688166	5.375	0.0002810955047607422
100	8	3	124	37.82842712474619	4.875	0.0002837181091308594
100	8	3	155	31.77781011412252	4.875	0.0002689361572265625
100	8	3	166	36.828427124746185	4.75	0.00031113624572753906
100	8	3	150	41.242640687119284	5.375	0.0002810955047607422
100	8	3	142	36.63154574418054	5.25	0.0002942085266113281
100	8	3	146	38.89949493661166	5.375	0.00027871131896972656
100	8	3	140	31.071067811865476	4.25	0.0002872943878173828
100	8	3	156	38.48528137423857	5.25	0.00028324127197265625
100	8	3	143	32.24264068711929	4.25	0.0002582073211669922
100	8	3	154	41.242640687119284	5.375	0.00029015541076660156
100	8	3	149	37.82842712474619	4.875	0.0002644062042236328
100	8	3	153	35.24264068711929	4.625	0.0002923011779785156
100	8	3	147	38.97469149468816	5.25	0.0002880096435546875
100	8	3	145	33.071067811865476	4.5	0.00025963783264160156
100	8	3	144	32.65685424949238	4.375	0.0002675056457519531
100	8	3	148	32.899494936611674	4.625	0.0002715587615966797
100	8	3	152	34.89949493661167	4.875	0.0002694129943847656
100	8	3	141	33.97469149468816	5.125	0.00029158592224121094
100	8	3	151	35.14213562373096	5.125	0.0002677440643310547
100	8	3	120	35.89949493661167	5.0	0.0002727508544921875
100	8	3	111	34.65685424949238	4.625	0.00029277801513671875
100	8	3	121	37.242640687119284	4.875	0.00026679039001464844
100	8	3	109	31.560477932315067	4.5	0.00032258033752441406
100	8	3	113	34.485281374238575	4.75	0.0003066062927246094
100	8	3	112	30.21733218180745	4.375	0.00028896331787109375
100	8	3	110	43.48528137423857	5.875	0.0003178119659423828
100	8	3	115	38.388905057061265	5.25	0.00031065940856933594
100	8	3	108	30.242640687119287	4.0	0.0002601146697998047
100	8	3	107	35.41421356237309	4.5	0.0003058910369873047
100	8	3	122	31.21733218180745	4.5	0.0002675056457519531
100	8	3	119	40.24264068711929	5.25	0.00028014183044433594
100	8	3	116	40.56047793231507	5.375	0.00029587745666503906
100	8	3	114	35.24264068711929	4.625	0.000286102294921875
100	8	3	117	35.41421356237309	4.5	0.0002777576446533203
100	8	3	118	37.24264068711929	4.875	0.0002644062042236328
100	8	3	188	41.071067811865476	5.5	0.00029468536376953125
100	8	3	186	39.80311861943435	5.5	0.0003123283386230469
100	8	3	194	38.41421356237309	4.875	0.000274658203125
100	8	3	192	37.82842712474619	4.875	0.0002720355987548828
100	8	3	193	36.24264068711929	4.75	0.00027108192443847656
100	8	3	187	39.24264068711929	5.125	0.0002803802490234375
100	8	3	190	33.388905057061265	4.625	0.00026869773864746094
100	8	3	185	37.485281374238575	5.125	0.0002918243408203125
100	8	3	189	31.73205080756888	4.125	0.00027871131896972656
100	8	3	184	31.89949493661167	4.5	0.00029969215393066406
100	8	3	191	34.485281374238575	4.75	0.0002841949462890625
100	8	3	102	34.45997286892674	5.125	0.00030541419982910156
100	8	3	103	34.0	4.25	0.0002818107604980469
100	8	3	101	28.82842712474619	3.75	0.0002899169921875
100	8	3	106	40.656854249492376	5.375	0.00031304359436035156
100	8	3	105	36.82842712474619	4.75	0.0002880096435546875
100	8	3	104	35.459972868926734	5.25	0.0003008842468261719
100	8	3	86	42.656854249492376	5.625	0.00029277801513671875
100	8	3	94	36.63154574418054	5.25	0.0002815723419189453
100	8	3	165	36.0	4.5	0.0003097057342529297
100	8	3	160	39.82842712474619	5.125	0.0003261566162109375
100	8	3	163	35.65685424949238	4.75	0.0002815723419189453
100	8	3	158	31.07106781186548	4.25	0.0002791881561279297
100	8	3	157	36.12095586463014	5.125	0.00029349327087402344
100	8	3	161	37.828427124746185	4.875	0.0002830028533935547
100	8	3	162	38.31370849898477	5.375	0.00026798248291015625
100	8	3	164	35.24264068711929	4.625	0.0002751350402832031
100	8	3	159	31.656854249492383	4.25	0.0002884864807128906
100	8	3	136	35.24264068711929	4.625	0.0002834796905517578
100	8	3	137	41.65685424949238	5.5	0.00029349327087402344
100	8	3	134	39.82842712474619	5.125	0.0003159046173095703
100	8	3	139	42.24264068711929	5.5	0.00027871131896972656
100	8	3	133	36.63154574418054	5.25	0.00030994415283203125
100	8	3	135	40.0	5.0	0.0002796649932861328
100	8	3	138	34.071067811865476	4.625	0.0002586841583251953
100	8	3	91	41.0	5.125	0.00028228759765625
100	8	3	87	33.071067811865476	4.5	0.0002675056457519531
100	8	3	90	39.80311861943436	5.5	0.0002961158752441406
100	8	3	88	28.656854249492383	3.875	0.0002434253692626953
100	8	3	89	40.21733218180745	5.625	0.00028324127197265625
100	8	3	85	40.071067811865476	5.375	0.0003094673156738281
100	8	3	92	44.48528137423857	6.0	0.0002963542938232422
100	8	3	93	34.24264068711929	4.5	0.0002765655517578125
100	8	3	83	34.071067811865476	4.625	0.00029158592224121094
100	8	3	84	36.14213562373095	5.25	0.00031948089599609375
100	8	3	82	36.82842712474619	4.75	0.000274658203125
