200	74	6	1	185.29990584211004	3.7837837837837838	0.009352445602416992	4
200	74	6	7	188.06865549861593	4.162162162162162	0.011334896087646484	5
200	74	6	2	177.41435234825803	4.027027027027027	0.011444330215454102	5
200	74	6	44	180.30533646782717	3.918918918918919	0.011623144149780273	5
200	74	6	43	196.24822496931694	3.891891891891892	0.013287067413330078	5
200	74	6	42	176.4177923180399	4.054054054054054	0.012221336364746094	5
200	74	6	36	187.57735136892512	4.216216216216216	0.012382984161376953	5
200	74	6	30	194.13270344492838	3.891891891891892	0.010327816009521484	4
200	74	6	27	186.72211478262955	3.7837837837837838	0.011966466903686523	5
200	74	6	34	180.40591371277446	4.013513513513513	0.010838747024536133	5
200	74	6	75	184.53502281753956	3.7027027027027026	0.009207010269165039	4
200	74	6	74	182.88976077504006	3.7432432432432434	0.010773420333862305	5
200	74	6	73	186.08276274443514	3.581081081081081	0.009253740310668945	4
200	74	6	38	189.9875859817619	3.6621621621621623	0.012033700942993164	5
200	74	6	57	192.56532843378042	4.0	0.010055065155029297	4
200	74	6	53	183.5689854749974	3.6486486486486487	0.011820077896118164	5
200	74	6	105	182.04510689179116	3.77027027027027	0.007537126541137695	3
200	74	6	99	187.35965349420965	3.7837837837837838	0.011462211608886719	5
200	74	6	97	180.53225248721833	3.6621621621621623	0.00923609733581543	4
200	74	6	158	189.91736481072786	3.864864864864865	0.009317636489868164	4
200	74	6	190	181.352961993269	3.5945945945945947	0.008762598037719727	4
200	74	6	192	180.99985821340957	3.5945945945945947	0.010645389556884766	5
200	74	6	23	181.6743129952647	4.0675675675675675	0.01151728630065918	5
200	74	6	26	181.7897952882633	4.5675675675675675	0.010707855224609375	4
200	74	6	60	188.9978714863754	4.04054054054054	0.009537220001220703	4
200	74	6	80	185.94849888465606	3.824324324324324	0.011240720748901367	5
200	74	6	19	175.00230328516696	3.189189189189189	0.007431745529174805	3
200	74	6	11	187.2344693835402	3.675675675675676	0.00807332992553711	3
200	74	6	134	185.6575424888727	4.0	0.00986480712890625	4
200	74	6	13	185.92523289869277	3.7837837837837838	0.01006770133972168	4
200	74	6	18	183.08914154704874	3.8513513513513513	0.010773420333862305	5
200	74	6	146	187.29838363521745	3.675675675675676	0.010526657104492188	5
200	74	6	144	182.53224766434505	3.5945945945945947	0.010365962982177734	5
200	74	6	136	186.61288163017414	3.72972972972973	0.011150360107421875	5
200	74	6	194	180.4622047529335	3.689189189189189	0.007185935974121094	3
200	74	6	95	176.86402842812683	4.0675675675675675	0.010762453079223633	5
200	74	6	96	187.58386832476754	3.945945945945946	0.011205911636352539	5
200	74	6	92	187.56497552010777	3.9864864864864864	0.011072397232055664	5
200	74	6	64	174.35676919544036	3.2972972972972974	0.010863780975341797	5
200	74	6	157	177.88631501641115	3.8378378378378377	0.00920248031616211	4
200	74	6	152	189.94788389524507	4.094594594594595	0.011170387268066406	5
200	74	6	143	171.68822359230933	3.6216216216216215	0.010212421417236328	5
200	74	6	132	184.5221871503528	4.094594594594595	0.012181758880615234	5
200	74	6	131	187.48388553299733	3.9594594594594597	0.010167837142944336	4
200	74	6	135	174.71570990648743	3.7162162162162162	0.011153936386108398	5
200	74	6	151	180.49021447451884	3.6216216216216215	0.010741949081420898	5
200	74	6	110	181.36188438106183	4.121621621621622	0.011021137237548828	5
200	74	6	0	179.81220701268555	3.6486486486486487	0.011367559432983398	5
200	74	6	170	171.17664170640612	3.391891891891892	0.006903886795043945	3
200	74	6	183	187.7450496173442	3.554054054054054	0.01089024543762207	5
200	74	6	123	190.97031181631198	3.810810810810811	0.010096549987792969	4
200	74	6	138	194.0507402702266	4.27027027027027	0.01260232925415039	5
200	74	6	172	176.2186472025861	3.554054054054054	0.008817434310913086	4
200	74	6	182	190.1532829915528	4.256756756756757	0.009843587875366211	4
200	74	6	175	185.4289449798063	3.9324324324324325	0.011064291000366211	5
200	74	6	22	182.17265391671282	4.0	0.012003660202026367	5
200	74	6	8	179.23899478947538	3.4594594594594597	0.008715152740478516	4
200	74	6	187	181.05326946949288	3.7972972972972974	0.00952911376953125	4
200	74	6	125	183.5194385835078	4.094594594594595	0.01111745834350586	5
200	74	6	59	176.39157092908772	3.8378378378378377	0.008937835693359375	4
200	74	6	66	180.86614662015037	3.8378378378378377	0.011765480041503906	5
200	74	6	148	176.80704536668443	3.6486486486486487	0.008784294128417969	4
200	74	6	116	187.81973072437538	3.9594594594594597	0.011293172836303711	5
200	74	6	90	182.84669476693526	3.445945945945946	0.011367321014404297	5
200	74	6	51	176.6146648429933	4.0675675675675675	0.011629581451416016	5
200	74	6	41	189.65203726029213	4.148648648648648	0.012117385864257812	5
200	74	6	89	171.46614285200667	3.810810810810811	0.009872674942016602	4
200	74	6	150	187.05675448828126	3.7567567567567566	0.01121830940246582	5
200	74	6	121	185.11576839818605	3.7972972972972974	0.011564970016479492	5
200	74	6	6	176.77281173181098	3.7567567567567566	0.010508298873901367	5
200	74	6	9	183.66708272894638	3.689189189189189	0.009083271026611328	4
200	74	6	56	185.38721687879752	3.8513513513513513	0.011231184005737305	5
200	74	6	58	184.848112612589	3.6621621621621623	0.00934290885925293	4
200	74	6	70	181.8598353633011	3.608108108108108	0.009032726287841797	4
200	74	6	65	181.03458598269563	3.3378378378378377	0.010635614395141602	5
200	74	6	82	186.29844421186758	3.824324324324324	0.009515523910522461	4
200	74	6	31	183.7824647108826	3.8783783783783785	0.011836528778076172	5
200	74	6	35	184.15221123899912	4.0675675675675675	0.012142181396484375	5
200	74	6	12	183.76492067636607	3.608108108108108	0.009481191635131836	4
200	74	6	104	184.5986761018275	3.7432432432432434	0.010782718658447266	5
200	74	6	168	185.0605520447063	3.581081081081081	0.009259223937988281	4
200	74	6	84	183.94623318087022	3.810810810810811	0.010657072067260742	5
200	74	6	76	187.3753077909999	4.027027027027027	0.01243901252746582	5
200	74	6	145	186.84080133790133	3.972972972972973	0.009464263916015625	4
200	74	6	108	172.74803145677964	3.581081081081081	0.01008749008178711	5
200	74	6	103	180.8522795764463	3.9594594594594597	0.009352684020996094	4
200	74	6	160	181.5113963532616	4.3108108108108105	0.010916709899902344	5
200	74	6	52	177.54495215389042	4.013513513513513	0.009676218032836914	4
200	74	6	54	182.0411868295205	3.8513513513513513	0.012255430221557617	5
200	74	6	184	182.29543910888944	4.162162162162162	0.010972738265991211	5
200	74	6	188	184.1937412882205	3.810810810810811	0.011050939559936523	5
200	74	6	174	184.50288307422812	4.162162162162162	0.01051950454711914	5
200	74	6	78	182.7405145656626	3.972972972972973	0.011711359024047852	5
200	74	6	40	185.65493613663293	3.9594594594594597	0.011518478393554688	5
200	74	6	98	179.92674792073285	3.7027027027027026	0.01056671142578125	5
200	74	6	165	184.2658349877877	4.1891891891891895	0.010820865631103516	5
200	74	6	114	186.2630375966903	3.972972972972973	0.011415243148803711	5
200	74	6	100	177.9895437011421	3.945945945945946	0.011135101318359375	5
200	74	6	185	185.81392995549166	4.5675675675675675	0.011283159255981445	5
200	74	6	55	189.48207098908222	3.9594594594594597	0.012368202209472656	5
200	74	6	159	184.51837811012027	3.7162162162162162	0.010849475860595703	5
200	74	6	4	179.66671416789043	3.9594594594594597	0.007573604583740234	3
200	74	6	10	182.30235462839178	4.094594594594595	0.009219884872436523	4
200	74	6	21	175.0964517519248	3.7432432432432434	0.00982809066772461	4
200	74	6	20	179.20000087009686	4.0	0.009974956512451172	4
200	74	6	83	182.89684897424215	3.7162162162162162	0.010954141616821289	5
200	74	6	24	182.38405886084394	4.027027027027027	0.011900186538696289	5
200	74	6	45	178.48439726951833	3.581081081081081	0.010655641555786133	5
200	74	6	102	184.58610188741076	3.689189189189189	0.010602951049804688	5
200	74	6	101	183.61332818964505	4.013513513513513	0.010863304138183594	5
200	74	6	163	181.3687745284765	3.864864864864865	0.008987903594970703	4
200	74	6	164	184.13531309029523	3.7027027027027026	0.00938272476196289	4
200	74	6	48	184.16645570162095	3.6216216216216215	0.008795499801635742	4
200	74	6	195	178.11349905029033	3.554054054054054	0.010536909103393555	5
200	74	6	189	193.94272906981675	4.0	0.01133418083190918	5
200	74	6	141	187.12597411806135	4.216216216216216	0.010907173156738281	5
200	74	6	117	189.61442362923157	4.1891891891891895	0.012379646301269531	5
200	74	6	61	186.28200814985152	3.864864864864865	0.00946354866027832	4
200	74	6	115	183.80709593330846	3.635135135135135	0.009175300598144531	4
200	74	6	112	183.27913238847967	3.7162162162162162	0.010837316513061523	5
200	74	6	79	186.51588553924984	3.824324324324324	0.01027226448059082	4
200	74	6	81	180.93864893106743	3.7027027027027026	0.011652946472167969	5
200	74	6	178	186.38581948522966	4.351351351351352	0.011642217636108398	5
200	74	6	169	194.45071008660673	3.864864864864865	0.011531352996826172	5
200	74	6	29	194.33072690939628	3.7837837837837838	0.010465621948242188	4
200	74	6	139	177.20056524906826	3.7972972972972974	0.010008573532104492	5
200	74	6	49	179.13750334819676	3.8783783783783785	0.01127171516418457	5
200	74	6	166	178.48235961158034	3.5135135135135136	0.007431745529174805	3
200	74	6	162	183.55196579320355	3.7567567567567566	0.010388374328613281	5
200	74	6	156	187.3894063585499	4.108108108108108	0.012344121932983398	5
200	74	6	14	186.16043509888297	4.094594594594595	0.012630701065063477	5
200	74	6	72	191.59301060968957	3.9324324324324325	0.011103153228759766	5
200	74	6	32	178.1811767195503	3.5405405405405403	0.009387016296386719	4
200	74	6	37	181.2570025760191	4.202702702702703	0.010393619537353516	4
200	74	6	161	175.98038974533387	3.554054054054054	0.010076045989990234	5
200	74	6	149	191.99385670861238	4.027027027027027	0.01231527328491211	5
200	74	6	62	182.16558140568063	4.013513513513513	0.011915206909179688	5
200	74	6	63	185.027997625693	4.027027027027027	0.012282133102416992	5
200	74	6	124	191.34997333326072	3.824324324324324	0.011138200759887695	5
200	74	6	128	180.8858765409962	3.5	0.010556459426879883	5
200	74	6	126	187.19384443215856	3.918918918918919	0.011005163192749023	5
200	74	6	130	178.67892225139536	3.972972972972973	0.010660886764526367	5
200	74	6	173	178.9964524234209	4.027027027027027	0.01060628890991211	5
200	74	6	69	170.20874010413806	3.608108108108108	0.009246110916137695	4
200	74	6	140	180.24826871536825	3.6216216216216215	0.008598089218139648	4
200	74	6	142	183.04983604984153	3.8783783783783785	0.010348796844482422	5
200	74	6	87	174.67058683999986	3.4594594594594597	0.01109623908996582	5
200	74	6	176	184.92261917452183	3.824324324324324	0.008160114288330078	3
200	74	6	179	185.42258264351176	3.5945945945945947	0.011418819427490234	5
200	74	6	167	173.157220698906	3.5	0.008998394012451172	4
200	74	6	46	184.9668369122754	4.0675675675675675	0.009610652923583984	4
200	74	6	171	174.89895166742392	3.472972972972973	0.010423898696899414	5
200	74	6	68	178.1393607895994	3.9054054054054053	0.00923609733581543	4
200	74	6	186	184.2634341859999	4.0	0.010351419448852539	4
200	74	6	118	183.70064279545804	3.7837837837837838	0.007628202438354492	3
200	74	6	119	184.13218799388298	3.824324324324324	0.007592916488647461	3
200	74	6	67	183.85286006273535	3.918918918918919	0.011654376983642578	5
200	74	6	85	186.98717003054492	3.7027027027027026	0.010996818542480469	5
200	74	6	109	184.79508303563026	3.972972972972973	0.010897397994995117	5
200	74	6	106	183.98933130267739	3.6216216216216215	0.010749101638793945	5
200	74	6	199	188.77301248682969	3.9864864864864864	0.010795354843139648	5
200	74	6	155	178.237448397802	3.675675675675676	0.010799646377563477	5
200	74	6	71	180.127996954197	3.6216216216216215	0.008868217468261719	4
200	74	6	88	187.51659884972574	4.297297297297297	0.01224207878112793	5
200	74	6	193	185.65709940646505	3.9594594594594597	0.01109623908996582	5
200	74	6	17	183.53305055912512	3.7162162162162162	0.010784626007080078	5
200	74	6	77	184.2275558383882	3.824324324324324	0.008523702621459961	3
200	74	6	180	178.8948618829283	3.5945945945945947	0.010159969329833984	5
200	74	6	5	187.96628850115144	3.675675675675676	0.010887384414672852	5
200	74	6	39	175.95291503606452	3.675675675675676	0.011430978775024414	5
200	74	6	198	188.46317065831778	3.891891891891892	0.01065206527709961	5
200	74	6	107	180.35761101339853	3.608108108108108	0.009048700332641602	4
200	74	6	3	178.2597730659788	3.472972972972973	0.008682966232299805	4
200	74	6	33	185.01040191620342	3.7162162162162162	0.011891365051269531	5
200	74	6	197	176.76110858090695	4.027027027027027	0.010793447494506836	5
200	74	6	137	188.53344721884915	3.891891891891892	0.009144306182861328	4
200	74	6	147	187.00703301210376	3.945945945945946	0.010897159576416016	5
200	74	6	133	187.35777484293877	4.22972972972973	0.011259794235229492	5
200	74	6	153	176.15341942795686	3.6621621621621623	0.008828401565551758	4
200	74	6	154	183.40263764756884	3.6216216216216215	0.010941267013549805	5
200	74	6	47	187.17962243749264	4.22972972972973	0.01135396957397461	5
200	74	6	50	185.16214751702393	3.7837837837837838	0.01156473159790039	5
200	74	6	28	183.31531203330977	3.864864864864865	0.011823415756225586	5
200	74	6	15	183.36451491280403	3.72972972972973	0.011794328689575195	5
200	74	6	122	187.32488315763584	3.72972972972973	0.009554624557495117	4
200	74	6	129	179.25329985618765	3.7567567567567566	0.010725975036621094	5
200	74	6	91	180.70092537778226	3.8783783783783785	0.011575698852539062	5
200	74	6	93	185.00682747380125	3.7432432432432434	0.011729001998901367	5
200	74	6	177	186.21553485796898	4.027027027027027	0.010932445526123047	5
200	74	6	25	188.1243181890933	3.945945945945946	0.01059579849243164	4
200	74	6	196	178.87563098220323	4.202702702702703	0.010959625244140625	5
200	74	6	111	181.8787932032046	3.9054054054054053	0.00950932502746582	4
200	74	6	113	189.16514096136808	4.081081081081081	0.011053800582885742	5
200	74	6	191	182.88349686876236	3.810810810810811	0.011626243591308594	5
200	74	6	127	187.60145607789516	3.824324324324324	0.009740829467773438	4
200	74	6	120	181.7638508125601	3.6486486486486487	0.010607719421386719	5
200	74	6	16	187.1217116883122	4.04054054054054	0.012157201766967773	5
200	74	6	181	176.51815235138469	3.364864864864865	0.008672952651977539	4
200	74	6	94	189.11146762387077	4.216216216216216	0.011033058166503906	5
200	74	6	86	190.13848972608704	3.689189189189189	0.010569334030151367	4
