200	144	6	30	318.0173035989112	3.375	 3.52915620803833 
200	144	6	157	317.41885786497284	3.4444444444444446	 5.32513952255249 
200	144	6	18	309.1384585851404	3.5694444444444446	 4.216172933578491 
200	144	6	64	304.278542716379	3.173611111111111	 5.1813013553619385 
200	144	6	43	318.39601648897747	3.5833333333333335	 5.449430465698242 
200	144	6	95	314.4204582536705	3.5069444444444446	 6.100350856781006 
200	144	6	11	312.54476023009227	3.4305555555555554	 5.404252290725708 
200	144	6	150	317.618652910963	3.486111111111111	 4.691347360610962 
200	144	6	27	310.8959943065556	3.9166666666666665	 6.076444149017334 
200	144	6	158	319.80649927232326	3.4652777777777777	 3.662351369857788 
200	144	6	65	315.0222304170291	3.3055555555555554	 3.311474084854126 
200	144	6	13	318.2966491751417	3.3055555555555554	 15.883871793746948 
200	144	6	182	316.74770851497874	3.361111111111111	 4.2178733348846436 
200	144	6	51	310.85108270310184	3.513888888888889	 7.774355888366699 
200	144	6	121	320.86302895278715	3.3958333333333335	 7.352943420410156 
200	144	6	145	321.6418362981117	3.4583333333333335	 6.79854941368103 
200	144	6	34	313.79387041247844	3.2847222222222223	 26.163734197616577 
200	144	6	104	313.0503214858173	3.5555555555555554	 3.5194954872131348 
200	144	6	174	318.77517353996416	3.3819444444444446	 4.676665782928467 
200	144	6	9	315.80496852803293	3.25	 6.046679496765137 
200	144	6	160	310.44957391046705	3.8125	 3.722783327102661 
200	144	6	188	316.6675317469864	3.375	 8.45930552482605 
200	144	6	123	307.48566233690576	3.611111111111111	 32.73076772689819 
200	144	6	54	305.99682690131	3.5902777777777777	 16.526524543762207 
200	144	6	184	326.82523989088895	3.5347222222222223	 3.9304709434509277 
200	144	6	118	306.55129250131273	3.6458333333333335	 6.5559241771698 
200	144	6	62	306.54264267741206	3.5277777777777777	 7.246655225753784 
200	144	6	153	318.20163494984104	3.25	 5.182149171829224 
200	144	6	152	317.7055807108211	3.5277777777777777	 3.3263497352600098 
200	144	6	148	319.37421940381546	3.3819444444444446	 3.5479133129119873 
200	144	6	20	321.5835453444293	3.5208333333333335	 4.721644401550293 
200	144	6	28	312.2785009690794	3.3680555555555554	 3.3364040851593018 
200	144	6	7	312.90985624253017	3.576388888888889	 4.993957757949829 
200	144	6	53	317.1845208994071	3.3819444444444446	 4.353801965713501 
200	144	6	59	316.82057032563586	3.423611111111111	 3.769587516784668 
200	144	6	111	316.5958926917613	3.4097222222222223	 4.373225450515747 
200	144	6	179	318.9671776551894	3.25	 42.28680229187012 
200	144	6	113	312.06349645879027	3.5	 5.536442995071411 
200	144	6	91	306.8101015137518	3.4027777777777777	 13.384471416473389 
200	144	6	185	316.27251367757407	3.513888888888889	 3.7237205505371094 
200	144	6	37	315.427040324274	3.2847222222222223	 4.56587028503418 
200	144	6	143	301.8824009885457	3.2430555555555554	 4.5351951122283936 
200	144	6	135	310.3555225313011	3.1458333333333335	 3.098512649536133 
200	144	6	172	309.8184451370579	3.3125	 3.379038095474243 
200	144	6	136	313.574112885101	3.361111111111111	 9.114916801452637 
200	144	6	162	316.08117410453724	3.4027777777777777	 3.78912353515625 
200	144	6	26	308.38856572905377	3.5555555555555554	 3.810314893722534 
200	144	6	144	314.8589213524739	3.3541666666666665	 110.80972528457642 
200	144	6	132	322.0776758476312	3.3125	 17.191197872161865 
200	144	6	167	301.65852950404076	3.3194444444444446	 3.541027545928955 
200	144	6	98	306.4810788471363	3.2708333333333335	 3.946871519088745 
200	144	6	41	317.8554907020632	3.5694444444444446	 5.086999416351318 
200	144	6	85	321.57422203067574	3.3819444444444446	 3.3256022930145264 
200	144	6	186	305.74287905044815	3.451388888888889	 3.8846702575683594 
200	144	6	180	304.1819822205058	3.2291666666666665	 3.5978424549102783 
200	144	6	165	318.677698070452	3.5416666666666665	 3.658658027648926 
200	144	6	192	310.80421302341387	3.298611111111111	 126.96450710296631 
200	144	6	100	314.5985470944723	3.4375	 28.086879014968872 
200	144	6	71	322.8913819929853	3.3333333333333335	 3.6654014587402344 
200	144	6	168	309.9638438893288	3.2430555555555554	 8.242048025131226 
200	144	6	3	306.58253487405756	3.2708333333333335	 2.9233102798461914 
200	144	6	57	332.2356630068226	3.3541666666666665	 135.41793084144592 
200	144	6	88	317.9410807625066	3.7222222222222223	 4.613647222518921 
200	144	6	92	309.302329489082	3.5694444444444446	 134.59989595413208 
200	144	6	138	321.5097891659398	3.673611111111111	 130.8847336769104 
200	144	6	126	314.1279384398134	3.4027777777777777	 5.019941568374634 
200	144	6	181	304.08454448016835	3.3958333333333335	 5.5951385498046875 
200	144	6	93	318.87528083527945	3.4583333333333335	 3.367041826248169 
200	144	6	61	316.8630991366468	3.4375	 28.200141429901123 
200	144	6	146	318.68632239800274	3.3819444444444446	 5.327863454818726 
200	144	6	33	319.5998879082537	3.3402777777777777	 4.1857008934021 
200	144	6	58	309.55978433913964	3.2777777777777777	 3.7846181392669678 
200	144	6	171	301.9736019692512	3.611111111111111	 10.497163772583008 
200	144	6	38	319.61747990321885	3.2083333333333335	 3.6139729022979736 
200	144	6	103	323.1954970086401	3.5069444444444446	 130.0234673023224 
200	144	6	70	309.9712261984465	3.5347222222222223	 129.4297332763672 
200	144	6	198	318.02584747969587	3.6597222222222223	 4.4443628787994385 
200	144	6	193	318.90686971318826	3.5	 3.5551164150238037 
200	144	6	78	305.66641573661275	3.5208333333333335	 133.7176706790924 
200	144	6	197	296.36344274959094	3.5277777777777777	 9.124026775360107 
200	144	6	183	316.51871208328316	3.5	 5.052499771118164 
200	144	6	170	301.1764620938897	3.2152777777777777	 3.352038860321045 
200	144	6	74	317.41028201268625	3.4027777777777777	 10.386638402938843 
200	144	6	17	309.20264746816923	3.6041666666666665	 33.32401919364929 
200	144	6	166	315.76167978255444	3.5347222222222223	 126.96024680137634 
200	144	6	156	318.0543826797905	3.4583333333333335	 129.43209791183472 
200	144	6	161	306.0780018126715	3.4027777777777777	 127.67947101593018 
200	144	6	139	306.26269818857	3.3958333333333335	 134.1145143508911 
200	144	6	10	314.2210334112586	3.361111111111111	 14.102307319641113 
200	144	6	176	302.840932471926	3.6041666666666665	 126.88542747497559 
200	144	6	105	312.4002642960349	3.3541666666666665	 4.771938800811768 
200	144	6	87	307.2837666558552	3.4444444444444446	 5.790114879608154 
200	144	6	2	301.13498182115796	3.701388888888889	 6.559521436691284 
200	144	6	66	309.2313420704306	3.326388888888889	 4.220321178436279 
200	144	6	8	313.55741549141544	3.1666666666666665	 3.9382967948913574 
200	144	6	133	322.5481531978716	3.4444444444444446	 130.18914079666138 
200	144	6	159	316.6076250882198	3.3333333333333335	 4.084844589233398 
200	144	6	15	314.2874522811211	3.513888888888889	 14.287208795547485 
200	144	6	68	307.19133950320787	3.5833333333333335	 135.43883800506592 
200	144	6	75	305.5706246266163	3.513888888888889	 128.69330525398254 
200	144	6	6	305.45645064924724	3.423611111111111	 12.670922994613647 
200	144	6	84	302.88542586850065	3.4027777777777777	 5.708834886550903 
200	144	6	117	316.76549608308767	3.513888888888889	 137.57043051719666 
200	144	6	35	314.09394678443687	3.5	 3.4391098022460938 
200	144	6	112	315.2518493695186	3.2916666666666665	 2.85725474357605 
200	144	6	101	303.0088273177092	3.5	 8.511345863342285 
200	144	6	195	312.68564573269526	3.3055555555555554	 9.27094054222107 
200	144	6	77	322.0731252960557	3.4166666666666665	 141.6597797870636 
200	144	6	76	315.3159245143606	3.486111111111111	 4.9743430614471436 
200	144	6	149	307.8113012226161	3.361111111111111	 5.489881992340088 
200	144	6	4	300.90490469933815	3.7222222222222223	 9.845520734786987 
200	144	6	173	302.3367395486988	3.5416666666666665	 4.1064887046813965 
200	144	6	115	317.68185402936564	3.3541666666666665	 4.490086555480957 
200	144	6	128	312.9101522785024	3.3958333333333335	 5.322072982788086 
200	144	6	130	309.43842508797627	3.4652777777777777	 5.620519161224365 
200	144	6	109	321.5892156594402	3.4027777777777777	 4.432077407836914 
200	144	6	147	320.0351410787993	3.4791666666666665	 4.0046916007995605 
200	144	6	29	319.08423398404705	3.7083333333333335	 5.846597909927368 
200	144	6	79	315.59555471993986	3.326388888888889	 132.32944917678833 
200	144	6	164	313.25236520161326	3.5347222222222223	 125.55227565765381 
200	144	6	134	314.1259686467741	3.5555555555555554	 131.927237033844 
200	144	6	116	315.24126117660427	3.4444444444444446	 127.81828951835632 
200	144	6	154	314.2146402181518	3.4652777777777777	 3.270033359527588 
200	144	6	178	326.02019040726645	3.4652777777777777	 129.9240267276764 
200	144	6	5	316.2311181662734	3.388888888888889	 4.859121561050415 
200	144	6	129	310.53093446045597	3.4097222222222223	 2.992055892944336 
200	144	6	32	304.0696696449748	3.3680555555555554	 22.17851424217224 
200	144	6	55	313.75645891236314	3.6319444444444446	 136.0322322845459 
200	144	6	120	308.1386928297882	3.3194444444444446	 5.14387583732605 
200	144	6	122	309.5738149691037	3.5069444444444446	 7.132433176040649 
200	144	6	125	319.383462943928	3.4722222222222223	 134.2515048980713 
200	144	6	25	316.16632050555063	3.6041666666666665	 5.062448263168335 
200	144	6	83	312.157432340005	3.4583333333333335	 137.6496810913086 
200	144	6	14	316.43820262205105	3.5069444444444446	 130.8770501613617 
200	144	6	99	318.4772600400562	3.4652777777777777	 131.43423199653625 
200	144	6	23	314.2826996823593	3.3819444444444446	 142.69520664215088 
200	144	6	89	306.9828255289455	3.4097222222222223	 137.41922426223755 
200	144	6	127	326.3855884967855	3.361111111111111	 14.062921285629272 
200	144	6	48	323.0307461780462	3.4027777777777777	 126.59459662437439 
200	144	6	56	321.96139933039245	3.4583333333333335	 138.07592010498047 
200	144	6	40	314.63682257232176	3.423611111111111	 135.66037583351135 
200	144	6	177	307.981293637769	3.3819444444444446	 128.58271145820618 
200	144	6	137	316.63925259764426	3.4652777777777777	 131.0800244808197 
200	144	6	102	327.69926249264853	3.375	 131.8963747024536 
200	144	6	46	312.2455191311295	3.7152777777777777	 51.91447353363037 
200	144	6	39	303.72386893383066	3.4097222222222223	 135.76734399795532 
200	144	6	94	311.0895031435182	3.6805555555555554	 129.7014594078064 
200	144	6	86	317.51464373652107	3.361111111111111	 146.15662574768066 
200	144	6	60	313.51271040128466	3.5069444444444446	 130.63473510742188 
200	144	6	73	316.989937438754	3.4652777777777777	 132.85611867904663 
200	144	6	107	314.9654118186199	3.4444444444444446	 141.4705195426941 
200	144	6	42	309.9475637279313	3.4027777777777777	 139.69460105895996 
200	144	6	97	301.1195604833237	3.4652777777777777	 145.9732654094696 
200	144	6	12	320.61001848500433	3.4097222222222223	 138.95232224464417 
200	144	6	52	298.7323212101946	3.4930555555555554	 136.0429389476776 
200	144	6	81	316.2637904113801	3.2916666666666665	 131.6727695465088 
200	144	6	108	307.8029453001775	3.0833333333333335	 144.368150472641 
200	144	6	45	320.15030858116626	3.375	 135.06302189826965 
200	144	6	114	309.79958552954986	3.486111111111111	 139.29270243644714 
200	144	6	106	322.2567384432218	3.125	 130.15253496170044 
200	144	6	196	305.3267229403962	3.5277777777777777	 129.71440601348877 
200	144	6	124	314.97904361990345	3.236111111111111	 139.25663447380066 
200	144	6	49	309.9105452237024	3.4305555555555554	 139.28818345069885 
200	144	6	24	316.913519751898	3.5208333333333335	 138.8088023662567 
200	144	6	21	306.1155483539521	3.4722222222222223	 147.3967080116272 
200	144	6	47	300.8983004876669	3.6041666666666665	 133.70040798187256 
200	144	6	16	315.57113096415367	3.5416666666666665	 131.0036656856537 
200	144	6	82	321.16621368667774	3.4027777777777777	 142.07326817512512 
