200	74	6	36	190.40643520399374	3.3783783783783785	 1.822382926940918 
200	74	6	30	197.47070826202855	3.2027027027027026	 1.8074877262115479 
200	74	6	34	186.07442642180422	3.3513513513513513	 1.9444849491119385 
200	74	6	57	198.2536029473056	3.324324324324324	 1.3937242031097412 
200	74	6	192	183.95037275159112	3.1216216216216215	 1.5422077178955078 
200	74	6	23	191.82528814074996	3.189189189189189	 1.7285103797912598 
200	74	6	158	191.62449634366027	3.324324324324324	 2.749605178833008 
200	74	6	144	182.7508205405325	3.108108108108108	 1.4493026733398438 
200	74	6	64	175.68508585225536	3.0135135135135136	 1.2143175601959229 
200	74	6	136	186.52545773338747	3.324324324324324	 1.4738495349884033 
200	74	6	134	192.53151499196167	3.3783783783783785	 1.5871789455413818 
200	74	6	95	182.47432527171853	3.391891891891892	 1.4730677604675293 
200	74	6	19	178.60246990519073	3.0	 1.5977261066436768 
200	74	6	18	184.51815235138477	3.310810810810811	 1.6217212677001953 
200	74	6	157	182.79810687685205	3.22972972972973	 1.6491549015045166 
200	74	6	92	192.02144056345665	3.324324324324324	 2.850620746612549 
200	74	6	27	190.87272740723293	3.364864864864865	 8.0757315158844 
200	74	6	135	173.8460664172535	2.972972972972973	 1.460085391998291 
200	74	6	131	188.9788541781705	3.1621621621621623	 1.5297973155975342 
200	74	6	143	180.3507082223419	3.027027027027027	 1.5304884910583496 
200	74	6	26	185.10448237726243	3.5945945945945947	 6.001213788986206 
200	74	6	132	185.17726630302633	3.472972972972973	 1.8402354717254639 
200	74	6	110	192.7182103677422	3.3783783783783785	 1.7739686965942383 
200	74	6	172	178.81820480295843	3.189189189189189	 1.6665656566619873 
200	74	6	187	186.15699976304379	3.1216216216216215	 1.5205512046813965 
200	74	6	138	197.09663712153315	3.5	 2.7104547023773193 
200	74	6	22	189.3923387826846	3.2027027027027026	 2.612868070602417 
200	74	6	116	190.25042520316487	3.4864864864864864	 1.6394548416137695 
200	74	6	182	186.93926499029018	3.445945945945946	 3.9565670490264893 
200	74	6	175	187.39573374816334	3.2972972972972974	 4.870753526687622 
200	74	6	51	181.12175654271235	3.4864864864864864	 1.8673346042633057 
200	74	6	125	191.27014333202337	3.3783783783783785	 5.336671352386475 
200	74	6	41	192.24045752806654	3.4054054054054053	 1.9070837497711182 
200	74	6	89	176.9511017094501	3.027027027027027	 1.720552682876587 
200	74	6	121	189.7461859890227	3.2432432432432434	 1.509005069732666 
200	74	6	9	188.9348098771664	3.2567567567567566	 1.6512722969055176 
200	74	6	56	189.17087785466617	3.2972972972972974	 1.6369543075561523 
200	74	6	70	183.6280004547138	3.27027027027027	 1.5475742816925049 
200	74	6	151	187.56412998762528	3.081081081081081	 19.571704387664795 
200	74	6	82	189.7430082448819	3.27027027027027	 1.5054142475128174 
200	74	6	31	185.94214932759672	3.391891891891892	 1.994938611984253 
200	74	6	99	196.5573389483188	3.364864864864865	 24.105688333511353 
200	74	6	104	187.38185565654103	3.324324324324324	 1.6222150325775146 
200	74	6	145	189.79946900726608	3.418918918918919	 1.7732534408569336 
200	74	6	103	187.63399231376434	3.364864864864865	 1.640610933303833 
200	74	6	160	187.25173390324375	3.6621621621621623	 3.2933337688446045 
200	74	6	188	186.95840709145293	3.364864864864865	 1.522097110748291 
200	74	6	54	187.7354845331922	3.310810810810811	 2.0728776454925537 
200	74	6	174	187.03677657079703	3.310810810810811	 3.3168883323669434 
200	74	6	40	190.09663712153312	3.3378378378378377	 1.543778657913208 
200	74	6	165	193.06792882786928	3.310810810810811	 1.9034769535064697 
200	74	6	168	187.6578440117072	3.1486486486486487	 9.807976961135864 
200	74	6	141	194.01340622359479	3.310810810810811	 1.8406155109405518 
200	74	6	163	184.05875922467789	3.2567567567567566	 1.3513150215148926 
200	74	6	139	181.5648626600086	3.27027027027027	 1.5499367713928223 
200	74	6	117	197.56361342823104	3.581081081081081	 2.1813809871673584 
200	74	6	169	198.3636304890208	3.364864864864865	 1.606153964996338 
200	74	6	102	187.03798577104763	3.310810810810811	 4.790719270706177 
200	74	6	79	187.1618611816381	3.3513513513513513	 2.932027816772461 
200	74	6	72	194.51085068390623	3.3783783783783785	 1.8876268863677979 
200	74	6	161	179.1423964280867	3.27027027027027	 1.5391466617584229 
200	74	6	126	190.53129294775053	3.1621621621621623	 1.4131934642791748 
200	74	6	179	189.72551203522065	3.2162162162162162	 1.6118104457855225 
200	74	6	69	178.2847503815047	3.2162162162162162	 2.4770121574401855 
200	74	6	87	177.24629274242946	2.9594594594594597	 1.9448466300964355 
200	74	6	68	185.50500693214573	3.27027027027027	 2.1319878101348877 
200	74	6	38	190.38842836616053	3.324324324324324	 53.61853837966919 
200	74	6	184	189.11975021587034	3.4054054054054053	 28.046356916427612 
200	74	6	118	185.93722250947886	3.3783783783783785	 2.0607099533081055 
200	74	6	67	186.66379208616925	3.3378378378378377	 1.8247051239013672 
200	74	6	146	192.8637420653009	3.189189189189189	 58.34151649475098 
200	74	6	77	191.32732340651995	3.310810810810811	 1.673194408416748 
200	74	6	199	193.16039955139573	3.324324324324324	 4.686163902282715 
200	74	6	107	182.5780129021209	3.2162162162162162	 1.3265361785888672 
200	74	6	73	191.94233841172928	3.2432432432432434	 67.07892942428589 
200	74	6	74	183.89731177755897	3.2432432432432434	 66.39751410484314 
200	74	6	133	192.74278620067068	3.310810810810811	 1.41255784034729 
200	74	6	197	182.90069709729127	3.4324324324324325	 1.5723423957824707 
200	74	6	75	186.230951912216	3.1486486486486487	 66.8150384426117 
200	74	6	198	196.55927228355526	3.3513513513513513	 3.5743744373321533 
200	74	6	153	183.52227627472243	3.027027027027027	 1.4955523014068604 
200	74	6	42	185.9576744190696	3.108108108108108	 70.40201711654663 
200	74	6	20	183.92505942340608	3.310810810810811	 28.434971570968628 
200	74	6	190	186.36118652561223	3.108108108108108	 67.47214341163635 
200	74	6	44	184.39913835938862	3.324324324324324	 70.84956550598145 
200	74	6	60	197.4030402385151	3.27027027027027	 68.319753408432 
200	74	6	2	180.99798545482346	3.472972972972973	 73.39173746109009 
200	74	6	105	190.60598259217912	3.3513513513513513	 70.22742629051208 
200	74	6	97	183.64787151373562	3.189189189189189	 71.17932891845703 
200	74	6	28	190.91435907592447	3.189189189189189	 1.551187515258789 
200	74	6	152	189.05777689151165	3.418918918918919	 68.90396237373352 
200	74	6	183	190.29555133716352	3.2837837837837838	 66.85282635688782 
200	74	6	53	188.10926708972684	3.27027027027027	 72.57807445526123 
200	74	6	170	179.46826429862	2.918918918918919	 68.05764055252075 
200	74	6	80	191.42834874382683	3.364864864864865	 72.21257972717285 
200	74	6	0	184.32127097081906	3.1216216216216215	 70.43814778327942 
200	74	6	91	186.68899144590628	3.2567567567567566	 2.294569253921509 
200	74	6	15	182.3683076463557	3.391891891891892	 5.42046856880188 
200	74	6	148	181.68242355916004	3.135135135135135	 65.64228129386902 
200	74	6	12	188.1292472943234	3.1216216216216215	 54.27777457237244 
200	74	6	59	178.849456559859	3.310810810810811	 67.06200766563416 
200	74	6	111	190.48554217859436	3.310810810810811	 1.658299446105957 
200	74	6	66	189.59651700785554	3.175675675675676	 72.62707901000977 
200	74	6	90	184.58677619984164	3.1216216216216215	 71.31182980537415 
200	74	6	6	184.40304023851508	3.135135135135135	 67.96134972572327 
200	74	6	58	186.56464061579734	3.1486486486486487	 67.5135817527771 
200	74	6	35	185.71769973957	3.418918918918919	 71.68213200569153 
200	74	6	108	180.9177588642765	2.972972972972973	 70.29320073127747 
200	74	6	37	184.53882519683773	3.4054054054054053	 50.77024960517883 
200	74	6	52	181.22522584342778	3.310810810810811	 71.04085636138916 
200	74	6	185	188.1613542679903	3.581081081081081	 67.05825996398926 
200	74	6	98	184.621328245266	3.22972972972973	 70.2921621799469 
200	74	6	76	194.4283487438269	3.324324324324324	 76.20742464065552 
200	74	6	114	196.11051149863113	3.3378378378378377	 68.68866515159607 
200	74	6	100	192.4283487438268	3.135135135135135	 67.78439092636108 
200	74	6	159	190.9216644579272	3.2162162162162162	 66.1718909740448 
200	74	6	10	188.72437677189112	3.3378378378378377	 66.86868691444397 
200	74	6	55	193.87466074246927	3.391891891891892	 70.6762957572937 
200	74	6	101	188.20298593668196	3.2162162162162162	 66.94282841682434 
200	74	6	189	188.6878561825766	3.527027027027027	 67.09857511520386 
200	74	6	195	189.28208437388494	3.0945945945945947	 67.12650442123413 
200	74	6	178	193.56876825365947	3.472972972972973	 65.80910134315491 
200	74	6	164	183.27353347462883	3.3783783783783785	 66.34699749946594 
200	74	6	61	191.38649503092407	3.27027027027027	 67.12239623069763 
200	74	6	45	182.13614637085564	3.1621621621621623	 69.10523271560669 
200	74	6	112	187.65444422335514	3.2567567567567566	 67.77526497840881 
200	74	6	162	185.44952850292765	3.108108108108108	 66.61276006698608 
200	74	6	83	190.70773206447183	3.2432432432432434	 69.66907072067261 
200	74	6	115	190.4748370082396	3.2432432432432434	 68.9578423500061 
200	74	6	149	197.98542688779006	3.2162162162162162	 68.8767683506012 
200	74	6	86	186.08202042630523	3.418918918918919	 10.098082304000854 
200	74	6	81	192.0440382067485	3.2567567567567566	 71.74633359909058 
200	74	6	24	189.51742339352577	3.324324324324324	 74.56561088562012 
200	74	6	140	185.72160644156983	3.0405405405405403	 65.3634603023529 
200	74	6	124	195.25019833608027	3.4324324324324325	 69.14833092689514 
200	74	6	142	186.7503099123604	3.2972972972972974	 66.00105309486389 
200	74	6	49	184.5145683017734	3.22972972972973	 72.44960594177246 
200	74	6	173	181.11197312887347	3.2432432432432434	 67.25281715393066 
200	74	6	21	181.18644072909083	3.3378378378378377	 77.85380530357361 
200	74	6	128	182.65637755859157	3.175675675675676	 67.03334021568298 
200	74	6	32	181.40037312254637	3.2162162162162162	 72.5355896949768 
200	74	6	167	183.2648102084349	3.0	 67.97189211845398 
200	74	6	46	188.24044788232	3.3783783783783785	 68.85600209236145 
200	74	6	63	190.0582826968105	3.527027027027027	 73.42534327507019 
200	74	6	119	188.4110745783769	3.3783783783783785	 68.06092667579651 
200	74	6	109	186.23938280284995	3.4324324324324325	 67.35313010215759 
200	74	6	186	187.5704843675579	3.2567567567567566	 70.52984261512756 
200	74	6	85	189.54736645034745	3.324324324324324	 67.23135924339294 
200	74	6	106	186.96084734033715	3.081081081081081	 67.4243335723877 
200	74	6	155	181.5582899503891	3.310810810810811	 67.87920379638672 
200	74	6	193	182.80585259421568	3.4864864864864864	 66.63665413856506 
200	74	6	180	183.67511817715712	3.0675675675675675	 65.78443336486816 
200	74	6	147	190.50178058054314	3.4594594594594597	 65.6858503818512 
200	74	6	137	190.8106810912686	3.310810810810811	 67.81626415252686 
200	74	6	88	196.2136825696392	3.3513513513513513	 72.43557715415955 
200	74	6	5	191.05551236648932	3.22972972972973	 70.71585750579834 
200	74	6	3	182.54590482010497	3.0675675675675675	 69.10064125061035 
200	74	6	39	183.78558609277044	3.135135135135135	 70.81903505325317 
200	74	6	17	184.49963859990365	3.310810810810811	 71.43653440475464 
200	74	6	154	186.80483733950823	3.135135135135135	 70.09602642059326 
200	74	6	177	186.2072141827212	3.364864864864865	 66.36493492126465 
200	74	6	196	181.35064690162247	3.4324324324324325	 66.14757061004639 
200	74	6	129	183.21452067307288	3.1621621621621623	 67.32394886016846 
200	74	6	33	189.91630094855844	3.3378378378378377	 75.62601852416992 
200	74	6	50	185.01680118907353	3.2567567567567566	 72.38104200363159 
200	74	6	127	188.66390609315462	3.2837837837837838	 67.361581325531 
200	74	6	93	186.0739909093167	3.2567567567567566	 69.73184251785278 
200	74	6	122	189.2203596019602	3.3513513513513513	 68.98120212554932 
200	74	6	191	188.54028793542906	3.22972972972973	 67.04177260398865 
200	74	6	120	186.83843355998897	3.1216216216216215	 68.41233658790588 
200	74	6	25	188.90285354655046	3.4864864864864864	 71.32755541801453 
200	74	6	16	190.56814472685093	3.418918918918919	 71.50199508666992 
200	74	6	94	188.9569454612107	3.310810810810811	 69.73521637916565 
