200	854	6	37	902.4905108896432	5.052693208430913	0.12676239013671875	5
200	854	6	18	914.1944051021234	5.092505854800937	0.12824392318725586	5
200	854	6	178	925.2539183000366	4.775175644028103	0.11984467506408691	5
200	854	6	8	944.5222013866263	4.790398126463701	0.12506866455078125	5
200	854	6	11	882.2470473031188	5.618266978922716	0.12825584411621094	5
200	854	6	150	958.1822702158715	4.405152224824356	0.1227872371673584	5
200	854	6	157	930.9478320788518	4.944964871194379	0.12802767753601074	5
200	854	6	141	933.4647083761588	4.782201405152225	0.12498188018798828	5
200	854	6	134	910.3207355722453	5.1030444964871196	0.12729358673095703	5
200	854	6	70	949.0732965766357	4.912177985948477	0.12541747093200684	5
200	854	6	15	935.7269056491313	4.802107728337236	0.12756967544555664	5
200	854	6	136	907.1842460517265	5.388758782201405	0.12550640106201172	5
200	854	6	116	955.164662471257	4.408665105386417	0.12150859832763672	5
200	854	6	87	939.9469665462556	4.80327868852459	0.12972688674926758	5
200	854	6	26	962.3600630734693	4.558548009367682	0.12459015846252441	5
200	854	6	174	915.7346126426531	5.108899297423887	0.1252908706665039	5
200	854	6	138	954.1635986504766	4.618266978922716	0.13598155975341797	5
200	854	6	190	934.6021642545934	4.994145199063232	0.12261390686035156	5
200	854	6	65	932.5594271113472	4.682669789227166	0.13062191009521484	5
200	854	6	188	887.1475956421905	5.31615925058548	0.1235513687133789	5
200	854	6	185	904.9625009047045	5.1323185011709604	0.12394475936889648	5
200	854	6	60	909.2544605902259	5.64519906323185	0.12887787818908691	5
200	854	6	165	906.5386416970648	5.361826697892272	0.1305530071258545	5
200	854	6	51	961.4792279142712	4.717798594847775	0.13277769088745117	5
200	854	6	93	936.6322557931436	4.955503512880562	0.12784671783447266	5
200	854	6	64	936.0249952908072	4.934426229508197	0.12906599044799805	5
200	854	6	169	895.667689076521	5.711943793911007	0.13168001174926758	5
200	854	6	160	945.7438401248139	4.9976580796252925	0.12349677085876465	5
200	854	6	152	925.8636405935723	5.021077283372366	0.12738656997680664	5
200	854	6	143	902.8068277734019	5.2283372365339575	0.12645292282104492	5
200	854	6	2	923.2999793849442	5.166276346604215	0.1269545555114746	5
200	854	6	72	941.534544109291	4.679156908665106	0.12610387802124023	5
200	854	6	19	928.3856608296439	5.135831381733021	0.12432861328125	5
200	854	6	180	957.1297973605166	4.343091334894614	0.12075543403625488	5
200	854	6	84	915.5312399128592	5.015222482435597	0.12171816825866699	5
200	854	6	96	920.4775983428058	4.878220140515222	0.12616801261901855	5
200	854	6	186	927.4062408995395	4.881733021077284	0.12554240226745605	5
200	854	6	199	909.0134141349091	5.30327868852459	0.12382769584655762	5
200	854	6	181	879.9319238547549	5.688524590163935	0.12474370002746582	5
200	854	6	35	947.2290967497316	4.73536299765808	0.12932705879211426	5
200	854	6	110	950.78496962569	4.693208430913349	0.12675261497497559	5
200	854	6	118	901.8674720022922	5.149882903981265	0.13083887100219727	5
200	854	6	120	899.8114906133684	5.156908665105386	0.13948297500610352	5
200	854	6	137	940.458699507497	4.795081967213115	0.12286043167114258	5
200	854	6	159	897.0096782392219	5.551522248243559	0.12650680541992188	5
200	854	6	164	934.2011798560276	5.0117096018735365	0.12373876571655273	5
200	854	6	196	959.2634561273608	4.648711943793911	0.12237811088562012	5
200	854	6	125	918.802608486394	5.15807962529274	0.1262073516845703	5
200	854	6	167	899.5211639484046	5.330210772833723	0.12699604034423828	5
200	854	6	73	931.0030358456821	4.830210772833723	0.12855291366577148	5
200	854	6	81	946.9761491544515	4.797423887587822	0.12490630149841309	5
200	854	6	10	908.8767292387485	5.35480093676815	0.1260063648223877	5
200	854	6	104	903.6565610715049	5.2810304449648715	0.12636160850524902	5
200	854	6	122	939.6547593177493	4.784543325526932	0.12742066383361816	5
200	854	6	123	894.1199852589334	5.361826697892272	0.13120245933532715	5
200	854	6	36	914.5864110681811	4.996487119437939	0.1300196647644043	5
200	854	6	146	944.7467947755689	4.6850117096018735	0.12097454071044922	5
200	854	6	20	895.1100821319437	5.539812646370024	0.13123559951782227	5
200	854	6	76	932.1462059527597	4.617096018735363	0.12231111526489258	5
200	854	6	71	949.4059871027144	4.687353629976581	0.12400293350219727	5
200	854	6	85	923.6753036869017	4.948477751756441	0.12491536140441895	5
200	854	6	69	921.9004183749443	5.007025761124122	0.12360954284667969	5
200	854	6	53	920.7312027338595	5.072599531615925	0.12720370292663574	5
200	854	6	192	923.7678311491983	4.941451990632318	0.12195014953613281	5
200	854	6	166	933.3010738995836	5.176814988290398	0.12564969062805176	5
200	854	6	108	945.1218056693485	4.763466042154567	0.12310457229614258	5
200	854	6	158	936.2048161688338	4.65807962529274	0.12390947341918945	5
200	854	6	6	926.7252839637572	4.647540983606557	0.12478756904602051	5
200	854	6	38	958.1626080747673	4.405152224824356	0.13368749618530273	5
200	854	6	145	948.6936317834486	4.81615925058548	0.12096142768859863	5
200	854	6	23	921.024844955291	5.174473067915691	0.12330913543701172	5
200	854	6	114	855.1103753284128	5.820843091334894	0.12933635711669922	5
200	854	6	184	946.5514415748444	4.515222482435597	0.12346267700195312	5
200	854	6	9	905.0371995426416	5.188524590163935	0.12624335289001465	5
200	854	6	179	927.5488487134634	5.100702576112412	0.1265723705291748	5
200	854	6	42	969.6666607715383	4.304449648711944	0.12694334983825684	5
200	854	6	67	943.1161365725098	4.7189695550351285	0.12307572364807129	5
200	854	6	95	935.9617197481232	5.03864168618267	0.1269826889038086	5
200	854	6	28	935.7817727995847	4.784543325526932	0.13522028923034668	5
200	854	6	105	927.9773136038964	4.809133489461359	0.12171244621276855	5
200	854	6	98	954.5168759886665	4.757611241217798	0.12693166732788086	5
200	854	6	151	910.1687386900239	5.028103044496487	0.12253737449645996	5
200	854	6	32	916.6364778599758	5.144028103044496	0.12624502182006836	5
200	854	6	49	916.2132239065678	5.0503512880562065	0.13812589645385742	5
200	854	6	128	933.6902796746461	4.788056206088993	0.12696528434753418	5
200	854	6	75	882.5493034278552	5.539812646370024	0.1295185089111328	5
200	854	6	111	934.1337716921608	5.017564402810304	0.1316366195678711	5
200	854	6	14	929.7138305333588	4.741217798594848	0.12535548210144043	5
200	854	6	183	918.330212061746	5.2763466042154565	0.12409663200378418	5
200	854	6	131	963.3266282545545	4.215456674473068	0.12359952926635742	5
200	854	6	132	917.8545551458292	5.285714285714286	0.1219937801361084	5
200	854	6	148	922.0700451804615	4.982435597189696	0.12222838401794434	5
200	854	6	44	949.8170927332407	4.599531615925058	0.12531280517578125	5
200	854	6	83	927.4000883949564	4.747072599531616	0.12328243255615234	5
200	854	6	102	925.5969703797622	5.11943793911007	0.12792158126831055	5
200	854	6	48	947.8178739269665	4.77751756440281	0.12035202980041504	5
200	854	6	0	964.7798747560032	4.421545667447306	0.12686991691589355	5
200	854	6	61	980.8930757757305	4.427400468384075	0.12330198287963867	5
200	854	6	170	938.3217922472189	5.033957845433255	0.12431693077087402	5
200	854	6	100	952.6723395437082	4.669789227166277	0.12566852569580078	5
200	854	6	101	908.868845478923	5.217798594847775	0.12932395935058594	5
200	854	6	24	920.0268025463846	5.033957845433255	0.12790942192077637	5
200	854	6	31	915.6217693289921	5.049180327868853	0.12946701049804688	5
200	854	6	109	943.2107571443031	4.763466042154567	0.12749433517456055	5
200	854	6	27	918.1782275069452	5.343091334894614	0.1291975975036621	5
200	854	6	129	925.5271666587715	4.870023419203747	0.12753558158874512	5
200	854	6	139	884.8528228850267	5.464871194379391	0.12984609603881836	5
200	854	6	124	894.8578509158675	5.407494145199063	0.12877941131591797	5
200	854	6	47	905.5155791675102	5.220140515222482	0.13165807723999023	5
200	854	6	40	947.5504294641424	4.634660421545667	0.12865781784057617	5
200	854	6	17	921.8525543001131	4.908665105386417	0.12578368186950684	5
200	854	6	50	891.0618735601386	5.560889929742388	0.14047455787658691	5
200	854	6	140	909.0929837500953	5.0796252927400465	0.12377119064331055	5
200	854	6	172	935.6951619646876	4.888758782201405	0.12469148635864258	5
200	854	6	115	932.2785751597637	5.056206088992974	0.12834477424621582	5
200	854	6	103	939.8159986155483	4.662763466042154	0.12616491317749023	5
200	854	6	54	938.2665127651893	4.909836065573771	0.12845468521118164	5
200	854	6	74	931.4533615518367	5.066744730679157	0.12593841552734375	5
200	854	6	16	928.8378498355643	5.114754098360656	0.13144540786743164	5
200	854	6	25	948.9347100529777	4.687353629976581	0.12713193893432617	5
200	854	6	168	947.0552275253744	4.551522248243559	0.12591028213500977	5
200	854	6	79	912.4201298220275	5.225995316159251	0.13712573051452637	5
200	854	6	68	909.384651293503	5.213114754098361	0.12922072410583496	5
200	854	6	171	896.1172687759937	5.365339578454333	0.12636089324951172	5
200	854	6	86	953.0526128950394	4.843091334894614	0.13245105743408203	5
200	854	6	127	940.3191759940478	5.046838407494145	0.12533950805664062	5
200	854	6	133	884.4876840756266	5.524590163934426	0.13222670555114746	5
200	854	6	106	930.410848799391	5.005854800936768	0.12537217140197754	5
200	854	6	198	953.1280036914167	4.811475409836065	0.12498950958251953	5
200	854	6	46	913.3690833358587	5.320843091334894	0.13251161575317383	5
200	854	6	91	926.2768311631672	5.162763466042154	0.12520289421081543	5
200	854	6	13	934.005883121981	4.804449648711944	0.12727618217468262	5
200	854	6	66	930.7395365587353	4.749414519906323	0.1276702880859375	5
200	854	6	59	922.1303858172668	5.094847775175644	0.12989258766174316	5
200	854	6	189	949.3779105579326	4.656908665105386	0.1256570816040039	5
200	854	6	4	921.1885407780783	5.055035128805621	0.12687969207763672	5
200	854	6	12	885.9839845810006	5.443793911007026	0.1305232048034668	5
200	854	6	149	928.8400432242266	4.749414519906323	0.12404632568359375	5
200	854	6	112	959.948383605741	4.377049180327869	0.12409687042236328	5
200	854	6	156	931.9485009826568	5.113583138173302	0.12885332107543945	5
200	854	6	194	928.5374404411249	4.813817330210773	0.12537741661071777	5
200	854	6	173	914.6062920477214	4.843091334894614	0.12352705001831055	5
200	854	6	57	927.1342919973572	4.878220140515222	0.12388920783996582	5
200	854	6	55	930.7087551461909	4.8969555035128804	0.12777018547058105	5
200	854	6	43	931.9204528441618	5.1276346604215455	0.1354374885559082	5
200	854	6	162	927.1291070800587	5.058548009367682	0.12120604515075684	5
200	854	6	135	970.9301408848694	4.26112412177986	0.11884021759033203	5
200	854	6	39	953.5794313482143	4.5503512880562065	0.12296700477600098	5
200	854	6	45	944.1336182730249	4.7330210772833725	0.13002276420593262	5
200	854	6	107	923.3298926302599	4.873536299765808	0.12775754928588867	5
200	854	6	121	933.0729776531854	4.6756440281030445	0.12360930442810059	5
200	854	6	62	926.1699380946903	4.839578454332552	0.12808728218078613	5
200	854	6	147	939.9361879228458	4.837236533957846	0.12364506721496582	5
200	854	6	34	949.1361737346762	4.669789227166277	0.12626218795776367	5
200	854	6	197	928.932809673509	4.903981264637002	0.12396001815795898	5
200	854	6	5	914.6907212333758	5.177985948477752	0.12782859802246094	5
200	854	6	163	915.9532092614697	5.153395784543325	0.12134122848510742	5
200	854	6	92	941.6035674624184	4.89344262295082	0.1273040771484375	5
200	854	6	142	900.9200922645105	5.476580796252928	0.12503886222839355	5
200	854	6	195	946.7976250149591	4.709601873536299	0.12236809730529785	5
200	854	6	130	898.568209167431	5.2810304449648715	0.12299370765686035	5
200	854	6	187	951.6204919895049	4.618266978922716	0.12617278099060059	5
200	854	6	94	915.9461711950308	5.044496487119438	0.12860751152038574	5
200	854	6	154	925.7565131631309	4.870023419203747	0.12785887718200684	5
200	854	6	33	916.0570381937981	5.097189695550352	0.13882756233215332	5
200	854	6	41	948.2251159512678	4.68384074941452	0.12666893005371094	5
200	854	6	29	944.5246041946123	4.604215456674473	0.12943053245544434	5
200	854	6	176	916.3674893213106	5.234192037470726	0.12506604194641113	5
200	854	6	155	924.6256556393076	4.92271662763466	0.1256730556488037	5
200	854	6	88	984.0304555157685	4.208430913348946	0.12456893920898438	5
200	854	6	21	928.5588769222365	4.847775175644028	0.1384110450744629	5
200	854	6	1	927.7633026342439	4.970725995316159	0.12724804878234863	5
200	854	6	80	889.5882751704828	5.278688524590164	0.12788963317871094	5
200	854	6	89	915.6863567266521	5.213114754098361	0.12861037254333496	5
200	854	6	177	925.4829272231442	4.886416861826698	0.12241458892822266	5
200	854	6	56	920.2111238886021	5.104215456674473	0.12473750114440918	5
200	854	6	97	914.2220796741987	4.823185011709602	0.12568354606628418	5
200	854	6	52	909.3625978960364	5.2330210772833725	0.1347367763519287	5
200	854	6	161	945.2044525408096	4.875878220140515	0.12454938888549805	5
200	854	6	77	965.7074939458577	4.370023419203747	0.12470698356628418	5
200	854	6	191	944.1880983861442	4.7716627634660425	0.1253349781036377	5
200	854	6	30	909.5675351675458	5.258782201405152	0.13480114936828613	5
200	854	6	113	962.4012324834669	4.492974238875878	0.12365937232971191	5
200	854	6	117	904.5949131673909	5.22248243559719	0.128157377243042	5
200	854	6	78	896.2351975709101	5.262295081967213	0.12666749954223633	5
200	854	6	58	966.5277373856504	4.3009367681498825	0.12009477615356445	5
200	854	6	63	937.7774682333733	4.853629976580796	0.1268784999847412	5
200	854	6	3	922.5550269801254	5.021077283372366	0.12673187255859375	5
200	854	6	7	940.7129166658967	4.768149882903981	0.12720441818237305	5
200	854	6	82	922.4373697167039	5.0843091334894615	0.1263740062713623	5
200	854	6	99	930.1257752723928	4.8723653395784545	0.12431526184082031	5
200	854	6	175	937.9282276159025	5.0597189695550355	0.1254124641418457	5
200	854	6	193	925.9797138175529	4.923887587822014	0.1267259120941162	5
200	854	6	126	896.6104922536659	5.492974238875878	0.12861037254333496	5
200	854	6	182	953.8763191692387	4.556206088992974	0.12165188789367676	5
200	854	6	22	940.7657184975976	4.748243559718969	0.12112689018249512	5
200	854	6	153	923.1628055206698	5.209601873536299	0.12487339973449707	5
200	854	6	144	911.3109326757035	4.850117096018735	0.12229132652282715	5
200	854	6	119	894.472742839311	5.162763466042154	0.12497878074645996	5
200	854	6	90	946.1990281500699	4.80327868852459	0.12485980987548828	5
