200	854	6	18	874.1681411416189	5.847775175644028	 87.18134903907776 
200	854	6	11	894.5721580126235	6.1276346604215455	 73.00383257865906 
200	854	6	150	870.8818042585164	6.01288056206089	 64.2818922996521 
200	854	6	37	905.0457822488335	5.576112412177986	 231.18489623069763 
200	854	6	15	860.3933500236172	6.122950819672131	 30.36184859275818 
200	854	6	8	878.439915253057	5.79976580796253	 118.94197511672974 
200	854	6	141	876.7771884684222	6.10655737704918	 55.46947646141052 
200	854	6	157	880.4724164221823	6.0796252927400465	 76.00028562545776 
200	854	6	134	878.0192020103657	6.066744730679157	 107.42818593978882 
200	854	6	136	865.4358642314394	6.032786885245901	 96.00848960876465 
200	854	6	178	895.1080607699837	6.02576112412178	 218.9364321231842 
200	854	6	116	876.0329385016122	5.967213114754099	 109.41522240638733 
200	854	6	26	868.3375065550703	6.063231850117096	 57.08213806152344 
200	854	6	138	877.971962487174	6.230679156908665	 34.12343502044678 
200	854	6	188	863.633418436595	5.937939110070258	 44.63982677459717 
200	854	6	185	864.1273767723249	6.0597189695550355	 45.332284927368164 
200	854	6	93	848.0813302996143	5.811475409836065	 49.72153997421265 
200	854	6	60	870.2530922491792	6.031615925058548	 115.94240355491638 
200	854	6	19	866.6525753808535	6.022248243559719	 53.45798182487488 
200	854	6	169	858.9092560306761	6.032786885245901	 105.85328912734985 
200	854	6	70	890.1675132145947	5.820843091334894	 310.408971786499 
200	854	6	96	883.8072576996068	6.251756440281031	 50.154340982437134 
200	854	6	2	858.4474465608198	5.881733021077284	 95.49242758750916 
200	854	6	51	866.282095546665	5.840749414519906	 146.57318711280823 
200	854	6	65	884.0996018290565	6.031615925058548	 208.71996068954468 
200	854	6	110	876.290310675674	6.23536299765808	 54.11092805862427 
200	854	6	160	892.6345525793498	6.180327868852459	 153.96065616607666 
200	854	6	120	865.0156772170585	5.923887587822014	 77.13186311721802 
200	854	6	137	867.1289727999227	5.8629976580796255	 63.69588351249695 
200	854	6	190	860.2097337366961	5.886416861826698	 283.05428075790405 
200	854	6	199	876.4696496780023	5.909836065573771	 130.08692979812622 
200	854	6	159	865.7265636506486	6.173302107728337	 87.39414691925049 
200	854	6	164	871.9441916255828	6.118266978922716	 90.14963054656982 
200	854	6	146	871.390149107595	6.091334894613583	 35.700791120529175 
200	854	6	180	878.8830866249723	5.693208430913349	 206.50732564926147 
200	854	6	167	880.2596919358324	6.26463700234192	 72.77507305145264 
200	854	6	36	872.0606534298863	5.93559718969555	 58.363128423690796 
200	854	6	186	882.5938237632598	5.976580796252928	 207.89574766159058 
200	854	6	118	870.8944187941124	5.941451990632318	 181.54264879226685 
200	854	6	181	883.3780386576602	5.898126463700234	 205.69528198242188 
200	854	6	192	875.2433678522416	5.844262295081967	 31.819315671920776 
200	854	6	76	852.9366777095618	5.989461358313817	 84.9795880317688 
200	854	6	152	886.4396092729903	5.973067915690867	 302.2316212654114 
200	854	6	6	854.513312801741	5.743559718969555	 43.449440002441406 
200	854	6	73	867.2316591951986	5.9110070257611245	 163.60039496421814 
200	854	6	38	859.0420120271942	5.877049180327869	 46.944987773895264 
200	854	6	35	882.3675876460267	5.601873536299766	 271.47016167640686 
200	854	6	53	882.4330173382165	5.811475409836065	 116.9535653591156 
200	854	6	85	876.2326605700633	6.117096018735363	 139.2791600227356 
200	854	6	196	894.0859224224773	5.850117096018735	 225.6126708984375 
200	854	6	166	862.7398762343053	5.946135831381733	 129.658518075943 
200	854	6	145	868.9062559139869	6.18384074941452	 66.98509979248047 
200	854	6	71	877.3823539335872	5.950819672131147	 171.78154706954956 
200	854	6	114	887.3140833762392	5.8629976580796255	 74.09843873977661 
200	854	6	95	868.53295023601	6.06440281030445	 38.27988910675049 
200	854	6	23	881.2270864286655	6.292740046838407	 93.41008472442627 
200	854	6	179	887.4302890790619	5.797423887587822	 77.84103417396545 
200	854	6	184	901.0058616225972	5.572599531615925	 101.3941559791565 
200	854	6	151	861.6494424909639	5.73536299765808	 49.90062856674194 
200	854	6	143	866.592183916517	6.1030444964871196	 433.0528726577759 
200	854	6	125	886.943728640104	5.984777517564403	 293.5417363643646 
200	854	6	122	895.6104168006625	5.76112412177986	 281.63271474838257 
200	854	6	131	863.3046670974569	6.026932084309133	 47.00078892707825 
200	854	6	105	879.582187420006	5.934426229508197	 99.48660016059875 
200	854	6	148	872.3102705654134	5.967213114754099	 54.24029207229614 
200	854	6	174	871.7391761515839	6.062060889929742	 614.1896216869354 
200	854	6	158	893.9541097251362	5.889929742388759	 216.23560070991516 
200	854	6	183	872.0403539575448	6.237704918032787	 103.11759901046753 
200	854	6	49	887.8682033107281	5.673302107728337	 136.9388210773468 
200	854	6	14	875.4138820175327	6.096018735362998	 109.02007126808167 
200	854	6	28	877.2767763285196	5.668618266978923	 157.37217020988464 
200	854	6	102	867.959275696468	5.871194379391101	 81.48376941680908 
200	854	6	42	882.0436489937094	5.990632318501171	 181.46942687034607 
200	854	6	128	872.0663401316606	6.139344262295082	 135.89585971832275 
200	854	6	67	870.4970895455116	5.939110070257612	 176.1103515625 
200	854	6	101	860.6830921233685	6.037470725995316	 60.2368266582489 
200	854	6	44	909.5851743865389	6.004683840749414	 126.19943451881409 
200	854	6	32	860.7368856087511	5.836065573770492	 185.34180307388306 
200	854	6	27	870.71787957809	6.100702576112412	 62.320295333862305 
200	854	6	123	879.8359757740604	6.081967213114754	 395.9413540363312 
200	854	6	75	877.6633639940311	6.066744730679157	 187.66833329200745 
200	854	6	61	874.1116043482949	6.0023419203747075	 149.99786829948425 
200	854	6	74	865.4238426931041	5.941451990632318	 32.6381049156189 
200	854	6	24	889.5275202300173	5.830210772833723	 132.78388333320618 
200	854	6	111	880.5039131341379	6.117096018735363	 222.92657709121704 
200	854	6	48	889.0705218496222	5.994145199063232	 180.37851285934448 
200	854	6	40	855.619228887052	5.966042154566745	 83.21986317634583 
200	854	6	129	854.9561217362204	5.985948477751757	 107.55343103408813 
200	854	6	172	876.032977717427	5.81615925058548	 66.94209265708923 
200	854	6	168	870.7593604355856	5.85480093676815	 38.988099098205566 
200	854	6	54	865.3143549449399	5.925058548009368	 63.97990584373474 
200	854	6	109	883.7745046379753	6.117096018735363	 145.6630392074585 
200	854	6	103	882.5157543553927	6.155737704918033	 68.93187165260315 
200	854	6	115	878.8796486038973	6.040983606557377	 86.60406041145325 
200	854	6	108	861.2341177719802	5.853629976580796	 412.8408317565918 
200	854	6	50	866.6585802241648	6.104215456674473	 103.93664932250977 
200	854	6	140	885.3363649221897	6.076112412177986	 105.66584086418152 
200	854	6	20	895.4431324846056	5.934426229508197	 475.3963129520416 
200	854	6	81	876.4069310491502	5.9203747072599535	 509.1681110858917 
200	854	6	86	871.6783718684161	5.97423887587822	 53.681419372558594 
200	854	6	25	874.990257417003	5.964871194379391	 95.16657042503357 
200	854	6	133	868.2254717539479	5.768149882903981	 63.319822788238525 
200	854	6	198	871.2040220349612	6.086651053864169	 49.490922689437866 
200	854	6	68	863.139324005852	6.0597189695550355	 92.61529731750488 
200	854	6	84	866.5928125004557	5.778688524590164	 677.673181772232 
200	854	6	17	880.516204442447	6.125292740046838	 176.26876783370972 
200	854	6	46	889.6577862353589	6.125292740046838	 88.7630684375763 
200	854	6	149	878.9577221180313	6.174473067915691	 29.11982560157776 
200	854	6	69	886.3416294767674	6.04215456674473	 525.6584646701813 
200	854	6	106	878.8902768880791	6.053864168618267	 118.27765536308289 
200	854	6	83	862.479298019315	5.881733021077284	 333.431232213974 
200	854	6	13	875.6461920790754	5.9192037470726	 112.85113525390625 
200	854	6	127	873.921194871912	5.791569086651054	 150.70790243148804 
200	854	6	194	880.8692276197277	6.092505854800937	 55.59072542190552 
200	854	6	139	861.8022606420003	5.9637002341920375	 286.779358625412 
200	854	6	57	880.694770049752	6.046838407494145	 53.21039175987244 
200	854	6	55	875.3691359707009	6.087822014051523	 54.275898933410645 
200	854	6	12	886.2279455245802	5.939110070257612	 103.87516212463379 
200	854	6	189	882.7747277955057	6.156908665105386	 146.49242115020752 
200	854	6	124	885.6339261183037	6.037470725995316	 293.32293176651 
200	854	6	47	866.9629611578674	5.929742388758783	 286.268349647522 
200	854	6	173	867.8723385715988	6.098360655737705	 74.01774215698242 
200	854	6	10	871.8724768234104	5.778688524590164	 667.631441116333 
200	854	6	4	875.6976283861575	6.1850117096018735	 154.42299842834473 
200	854	6	162	881.7115994806127	5.916861826697892	 45.75960373878479 
200	854	6	43	878.6348644389203	6.204918032786885	 68.89914107322693 
200	854	6	104	877.2320371357026	6.0456674473067915	 685.7103471755981 
200	854	6	170	868.6206049518892	5.7669789227166275	 400.5511860847473 
200	854	6	135	875.4032879569542	5.932084309133489	 67.75535345077515 
200	854	6	62	870.0029768949705	6.0843091334894615	 39.91468071937561 
200	854	6	45	872.6145919191231	6.118266978922716	 79.08454489707947 
200	854	6	147	868.4095476086587	6.005854800936768	 52.18501257896423 
200	854	6	34	866.1475255910292	5.947306791569087	 45.521466970443726 
200	854	6	107	859.6010097049058	5.8629976580796255	 92.15651774406433 
200	854	6	100	866.2361537406323	5.956674473067916	 475.9509048461914 
200	854	6	66	872.2175525588866	5.652224824355972	 279.77679920196533 
200	854	6	163	861.7185931741404	5.968384074941452	 52.878504037857056 
200	854	6	39	885.181793226456	6.069086651053865	 162.73724913597107 
200	854	6	92	897.6714663491206	5.871194379391101	 65.94617748260498 
200	854	6	9	876.8421090649127	6.096018735362998	 655.1413972377777 
200	854	6	154	862.4357669143346	6.032786885245901	 38.69538879394531 
200	854	6	29	867.8029724608831	6.0	 47.0193395614624 
200	854	6	5	888.633275630445	6.048009367681499	 125.05275702476501 
200	854	6	94	859.9176653906966	6.026932084309133	 66.67400979995728 
200	854	6	33	878.7281963451289	6.022248243559719	 75.84187483787537 
200	854	6	121	864.8986351939287	6.016393442622951	 201.83159041404724 
200	854	6	187	872.8280217701175	6.03864168618267	 91.28225088119507 
200	854	6	130	869.6061820224493	6.161592505854801	 121.3853051662445 
200	854	6	88	866.9606382980336	5.92271662763466	 47.74430441856384 
200	854	6	98	885.2880122494149	5.95784543325527	 708.7620882987976 
200	854	6	41	903.4874969340094	5.763466042154567	 96.42210412025452 
200	854	6	91	873.6808332141873	5.88056206088993	 466.5594379901886 
200	854	6	1	880.7891963842657	5.902810304449648	 73.00612449645996 
200	854	6	80	887.9373280283338	5.98711943793911	 102.68318963050842 
200	854	6	112	874.9237441099161	6.107728337236534	 459.49722504615784 
200	854	6	195	868.0208485296555	5.942622950819672	 278.43746614456177 
200	854	6	16	855.0886459553404	5.907494145199063	 677.2790603637695 
200	854	6	21	858.5134450320982	5.939110070257612	 233.89121651649475 
200	854	6	97	879.6431569268939	5.653395784543325	 91.24891972541809 
200	854	6	161	860.5705392084643	6.033957845433255	 45.22854518890381 
200	854	6	156	867.3642396020423	6.001170960187354	 613.576422214508 
200	854	6	177	878.3833930862032	5.648711943793911	 164.74665522575378 
200	854	6	56	892.8868801087531	5.703747072599532	 191.4707169532776 
200	854	6	89	865.4105390622467	5.899297423887588	 220.7833001613617 
200	854	6	77	890.2127589252145	5.879391100702576	 70.41569471359253 
200	854	6	191	906.4174100687906	6.176814988290398	 106.74166083335876 
200	854	6	176	878.6245008827029	6.114754098360656	 551.4382090568542 
200	854	6	52	880.4920695979771	5.806791569086651	 337.5557174682617 
200	854	6	197	852.2963084494005	5.847775175644028	 692.0714509487152 
200	854	6	30	869.5229874739908	6.090163934426229	 73.74866342544556 
200	854	6	155	864.2277322553126	5.889929742388759	 682.0596613883972 
200	854	6	78	876.6615977991349	6.052693208430913	 100.93509078025818 
200	854	6	58	869.2377399233881	5.918032786885246	 37.55614900588989 
200	854	6	117	877.019550811558	5.934426229508197	 503.2742717266083 
200	854	6	63	889.8437230834127	6.216627634660422	 226.31765031814575 
200	854	6	3	863.8789704647754	5.951990632318501	 49.10496544837952 
200	854	6	82	889.7505179945371	6.07728337236534	 98.43330097198486 
200	854	6	7	892.956376500577	5.79976580796253	 284.3485541343689 
200	854	6	99	886.093822408752	6.003512880562061	 53.11580014228821 
200	854	6	175	876.154772900578	6.114754098360656	 100.72923135757446 
200	854	6	193	881.2726878154598	6.159250585480094	 67.31951642036438 
200	854	6	182	884.8105754090196	5.975409836065574	 53.38222861289978 
200	854	6	22	871.1404485791516	5.878220140515222	 241.582035779953 
200	854	6	153	865.3031880262613	5.933255269320843	 106.62283992767334 
200	854	6	144	865.6227987024483	5.805620608899297	 67.3191921710968 
200	854	6	119	871.5704143886701	5.9402810304449645	 181.26297569274902 
200	854	6	90	866.4583442633398	5.973067915690867	 177.84481072425842 
