200	12	6	0	32.24264068711929	2.8333333333333335	0.0007905960083007812
200	12	6	15	36.41421356237309	3.0833333333333335	0.0007712841033935547
200	12	6	17	37.0	3.0833333333333335	0.0008323192596435547
200	12	6	19	32.0	2.6666666666666665	0.0008199214935302734
200	12	6	18	39.41421356237309	3.3333333333333335	0.0009171962738037109
200	12	6	11	35.41421356237309	3.0	0.0008027553558349609
200	12	6	13	38.0	3.1666666666666665	0.0008637905120849609
200	12	6	12	39.0	3.25	0.0008611679077148438
200	12	6	20	39.82842712474619	3.4166666666666665	0.0009176731109619141
200	12	6	16	35.0	2.9166666666666665	0.0007488727569580078
200	12	6	14	38.41421356237309	3.25	0.0008175373077392578
200	12	6	1	40.41421356237309	3.4166666666666665	0.0008320808410644531
200	12	6	7	35.82842712474619	3.0833333333333335	0.0007901191711425781
200	12	6	2	41.0	3.4166666666666665	0.0008509159088134766
200	12	6	8	34.41421356237309	2.9166666666666665	0.0007848739624023438
200	12	6	10	41.41421356237309	3.5	0.0008211135864257812
200	12	6	9	39.41421356237309	3.3333333333333335	0.0007936954498291016
200	12	6	5	35.0	2.9166666666666665	0.0007572174072265625
200	12	6	6	34.82842712474619	3.0	0.0007729530334472656
200	12	6	4	39.828427124746185	3.4166666666666665	0.0008237361907958984
200	12	6	3	37.41421356237309	3.1666666666666665	0.0007946491241455078
200	12	6	21	37.242640687119284	3.25	0.0008246898651123047
200	12	6	22	39.0	3.25	0.0008957386016845703
200	12	6	23	36.41421356237309	3.0833333333333335	0.000789642333984375
200	12	6	26	39.41421356237309	3.3333333333333335	0.0007784366607666016
200	12	6	24	40.82842712474619	3.5	0.0008580684661865234
200	12	6	25	40.146264369941974	3.5	0.000820159912109375
200	12	6	62	37.0	3.0833333333333335	0.00077056884765625
200	12	6	64	37.0	3.0833333333333335	0.0008072853088378906
200	12	6	65	37.41421356237309	3.1666666666666665	0.0007886886596679688
200	12	6	63	32.82842712474619	2.8333333333333335	0.0007905960083007812
200	12	6	66	40.82842712474619	3.5	0.0008223056793212891
200	12	6	36	36.82842712474619	3.1666666666666665	0.000888824462890625
200	12	6	37	38.41421356237309	3.25	0.0008690357208251953
200	12	6	38	39.0	3.25	0.0008492469787597656
200	12	6	39	32.0	2.6666666666666665	0.0008931159973144531
200	12	6	41	39.0	3.25	0.000858306884765625
200	12	6	40	36.41421356237309	3.0833333333333335	0.0007882118225097656
200	12	6	42	34.0	2.8333333333333335	0.0008270740509033203
200	12	6	43	38.24264068711928	3.3333333333333335	0.0009021759033203125
200	12	6	45	37.0	3.0833333333333335	0.0008113384246826172
200	12	6	44	35.828427124746185	3.0833333333333335	0.0008440017700195312
200	12	6	46	39.242640687119284	3.4166666666666665	0.0008652210235595703
200	12	6	47	43.0	3.5833333333333335	0.0008914470672607422
200	12	6	48	40.41421356237309	3.4166666666666665	0.0007684230804443359
200	12	6	49	38.41421356237309	3.25	0.0008101463317871094
200	12	6	50	40.82842712474619	3.5	0.0008893013000488281
200	12	6	32	40.0	3.3333333333333335	0.0008671283721923828
200	12	6	31	40.242640687119284	3.5	0.0009057521820068359
200	12	6	35	37.24264068711929	3.25	0.0008318424224853516
200	12	6	33	44.0	3.6666666666666665	0.0008463859558105469
200	12	6	27	39.0	3.25	0.0008707046508789062
200	12	6	29	37.071067811865476	3.3333333333333335	0.0008678436279296875
200	12	6	34	34.071067811865476	3.0833333333333335	0.0007917881011962891
200	12	6	30	37.65685424949238	3.3333333333333335	0.0008447170257568359
200	12	6	28	33.82842712474619	2.9166666666666665	0.0007472038269042969
200	12	6	51	34.41421356237309	2.9166666666666665	0.0007927417755126953
200	12	6	54	35.0	2.9166666666666665	0.0007688999176025391
200	12	6	56	34.41421356237309	2.9166666666666665	0.0007205009460449219
200	12	6	55	38.242640687119284	3.3333333333333335	0.0008585453033447266
200	12	6	58	36.0	3.0	0.0007309913635253906
200	12	6	52	37.0	3.0833333333333335	0.0008161067962646484
200	12	6	53	34.82842712474619	3.0	0.0007808208465576172
200	12	6	57	34.41421356237309	2.9166666666666665	0.000720977783203125
200	12	6	61	39.0	3.25	0.0007567405700683594
200	12	6	59	35.0	2.9166666666666665	0.0007503032684326172
200	12	6	60	34.41421356237309	2.9166666666666665	0.0007472038269042969
200	12	6	85	40.0	3.3333333333333335	0.0007517337799072266
200	12	6	78	41.0	3.4166666666666665	0.0008611679077148438
200	12	6	83	40.0	3.3333333333333335	0.0007944107055664062
200	12	6	76	37.0	3.0833333333333335	0.0008566379547119141
200	12	6	84	37.41421356237309	3.1666666666666665	0.0007929801940917969
200	12	6	77	39.0	3.25	0.00086212158203125
200	12	6	79	41.82842712474619	3.5833333333333335	0.0008540153503417969
200	12	6	80	38.24264068711929	3.3333333333333335	0.0008463859558105469
200	12	6	81	33.0	2.75	0.0007576942443847656
200	12	6	82	37.41421356237309	3.1666666666666665	0.0008087158203125
200	12	6	67	37.0	3.0833333333333335	0.00078582763671875
200	12	6	70	36.82842712474619	3.1666666666666665	0.0007266998291015625
200	12	6	68	38.41421356237309	3.25	0.0007975101470947266
200	12	6	69	36.0	3.0	0.0007116794586181641
200	12	6	75	35.0	2.9166666666666665	0.0007457733154296875
200	12	6	72	39.41421356237309	3.3333333333333335	0.0008246898651123047
200	12	6	71	32.0	2.6666666666666665	0.0007240772247314453
200	12	6	73	37.0	3.0833333333333335	0.0007221698760986328
200	12	6	74	41.0	3.4166666666666665	0.0007956027984619141
200	12	6	100	37.41421356237309	3.1666666666666665	0.0007586479187011719
200	12	6	97	31.656854249492383	2.8333333333333335	0.0007398128509521484
200	12	6	103	43.41421356237309	3.6666666666666665	0.0008289813995361328
200	12	6	99	40.82842712474619	3.5	0.0008568763732910156
200	12	6	98	37.41421356237309	3.1666666666666665	0.000797271728515625
200	12	6	106	34.41421356237309	2.9166666666666665	0.0007154941558837891
200	12	6	104	34.41421356237309	2.9166666666666665	0.0007512569427490234
200	12	6	105	41.0	3.4166666666666665	0.0007996559143066406
200	12	6	101	36.828427124746185	3.1666666666666665	0.0007498264312744141
200	12	6	102	36.41421356237309	3.0833333333333335	0.0007610321044921875
200	12	6	107	35.0	2.9166666666666665	0.0007429122924804688
200	12	6	108	34.82842712474619	3.0	0.0007643699645996094
200	12	6	144	35.24264068711928	3.0833333333333335	0.0007519721984863281
200	12	6	135	36.56047793231507	3.25	0.00084686279296875
200	12	6	132	42.41421356237309	3.5833333333333335	0.0008990764617919922
200	12	6	141	37.0	3.0833333333333335	0.0007600784301757812
200	12	6	136	38.41421356237309	3.25	0.0009572505950927734
200	12	6	134	40.0	3.3333333333333335	0.0008678436279296875
200	12	6	145	44.41421356237309	3.75	0.0008344650268554688
200	12	6	137	36.41421356237309	3.0833333333333335	0.0008230209350585938
200	12	6	142	39.82842712474619	3.4166666666666665	0.0007691383361816406
200	12	6	138	40.41421356237309	3.4166666666666665	0.0008790493011474609
200	12	6	131	37.41421356237309	3.1666666666666665	0.0008575916290283203
200	12	6	139	32.41421356237309	2.75	0.0007524490356445312
200	12	6	133	35.0	2.9166666666666665	0.0008015632629394531
200	12	6	146	39.0	3.25	0.0007855892181396484
200	12	6	140	37.0	3.0833333333333335	0.0007543563842773438
200	12	6	148	34.82842712474619	3.0	0.0007309913635253906
200	12	6	143	30.82842712474619	2.6666666666666665	0.0006899833679199219
200	12	6	147	41.0	3.4166666666666665	0.0007920265197753906
200	12	6	91	35.82842712474619	3.0833333333333335	0.0007970333099365234
200	12	6	89	33.974691494688166	3.0833333333333335	0.0008389949798583984
200	12	6	88	39.41421356237309	3.3333333333333335	0.0008399486541748047
200	12	6	94	40.0	3.3333333333333335	0.0008566379547119141
200	12	6	95	39.82842712474619	3.4166666666666665	0.0007951259613037109
200	12	6	92	42.24264068711929	3.6666666666666665	0.0008983612060546875
200	12	6	96	38.0	3.1666666666666665	0.000762939453125
200	12	6	90	32.0	2.6666666666666665	0.0007364749908447266
200	12	6	93	38.97469149468816	3.5	0.0008616447448730469
200	12	6	111	37.41421356237309	3.1666666666666665	0.0007567405700683594
200	12	6	110	41.146264369941974	3.5833333333333335	0.0007865428924560547
200	12	6	109	34.56047793231507	3.0833333333333335	0.0007278919219970703
200	12	6	112	37.0	3.0833333333333335	0.0007531642913818359
200	12	6	114	40.41421356237309	3.4166666666666665	0.0008378028869628906
200	12	6	116	36.82842712474619	3.1666666666666665	0.0007479190826416016
200	12	6	115	36.82842712474619	3.1666666666666665	0.0007495880126953125
200	12	6	113	43.41421356237309	3.6666666666666665	0.0008563995361328125
200	12	6	183	36.0	3.0	0.0007827281951904297
200	12	6	171	36.41421356237309	3.0833333333333335	0.0007476806640625
200	12	6	167	33.82842712474619	2.9166666666666665	0.0007557868957519531
200	12	6	180	38.0	3.1666666666666665	0.0007977485656738281
200	12	6	176	31.0	2.5833333333333335	0.0006878376007080078
200	12	6	169	37.41421356237309	3.1666666666666665	0.0007586479187011719
200	12	6	181	40.0	3.3333333333333335	0.0007748603820800781
200	12	6	179	40.41421356237309	3.4166666666666665	0.0008099079132080078
200	12	6	174	37.41421356237309	3.1666666666666665	0.0007424354553222656
200	12	6	184	38.41421356237309	3.25	0.0007612705230712891
200	12	6	182	39.82842712474619	3.4166666666666665	0.0007712841033935547
200	12	6	170	36.0	3.0	0.0008130073547363281
200	12	6	185	39.24264068711929	3.4166666666666665	0.0007717609405517578
200	12	6	168	32.82842712474619	2.8333333333333335	0.0007393360137939453
200	12	6	172	37.82842712474619	3.25	0.0007767677307128906
200	12	6	175	39.0	3.25	0.0007853507995605469
200	12	6	173	39.0	3.25	0.0007822513580322266
200	12	6	124	33.0	2.75	0.0006930828094482422
200	12	6	118	34.0	2.8333333333333335	0.0008268356323242188
200	12	6	128	36.82842712474619	3.1666666666666665	0.0007729530334472656
200	12	6	126	38.41421356237309	3.25	0.0007658004760742188
200	12	6	130	37.41421356237309	3.1666666666666665	0.0007596015930175781
200	12	6	127	36.828427124746185	3.1666666666666665	0.0007865428924560547
200	12	6	120	36.0	3.0	0.0008215904235839844
200	12	6	123	41.242640687119284	3.5833333333333335	0.0009014606475830078
200	12	6	122	37.0	3.0833333333333335	0.0008175373077392578
200	12	6	129	35.82842712474619	3.0833333333333335	0.0007288455963134766
200	12	6	117	36.0	3.0	0.0007796287536621094
200	12	6	121	38.0	3.1666666666666665	0.000820159912109375
200	12	6	125	38.41421356237309	3.25	0.0007834434509277344
200	12	6	119	42.24264068711929	3.6666666666666665	0.0009114742279052734
200	12	6	150	37.82842712474619	3.25	0.0008490085601806641
200	12	6	149	39.0	3.25	0.0008368492126464844
200	12	6	151	33.0	2.75	0.0007336139678955078
200	12	6	152	40.24264068711929	3.5	0.0008358955383300781
200	12	6	153	32.41421356237309	2.75	0.0006947517395019531
200	12	6	154	37.41421356237309	3.1666666666666665	0.000774383544921875
200	12	6	157	39.41421356237309	3.3333333333333335	0.0008068084716796875
200	12	6	158	40.82842712474619	3.5	0.0014920234680175781
200	12	6	160	38.0	3.1666666666666665	0.0007548332214355469
200	12	6	161	38.82842712474619	3.3333333333333335	0.0007836818695068359
200	12	6	162	34.82842712474619	3.0	0.000690460205078125
200	12	6	163	39.0	3.25	0.0007638931274414062
200	12	6	164	34.0	2.8333333333333335	0.0007128715515136719
200	12	6	165	32.0	2.6666666666666665	0.0006589889526367188
200	12	6	166	33.0	2.75	0.0006957054138183594
200	12	6	155	32.82842712474619	2.8333333333333335	0.0007839202880859375
200	12	6	156	41.82842712474619	3.5833333333333335	0.0008606910705566406
200	12	6	159	35.73205080756888	3.0833333333333335	0.0007772445678710938
200	12	6	178	36.82842712474619	3.1666666666666665	0.0007669925689697266
200	12	6	177	39.828427124746185	3.4166666666666665	0.0008993148803710938
200	12	6	198	42.41421356237309	3.5833333333333335	0.0008008480072021484
200	12	6	189	38.65685424949238	3.4166666666666665	0.0007789134979248047
200	12	6	196	37.41421356237309	3.1666666666666665	0.0007321834564208984
200	12	6	197	37.82842712474619	3.25	0.000759124755859375
200	12	6	199	39.41421356237309	3.3333333333333335	0.0007319450378417969
200	12	6	190	34.24264068711929	3.0	0.0007350444793701172
200	12	6	195	39.41421356237309	3.3333333333333335	0.0007946491241455078
200	12	6	193	37.56047793231507	3.3333333333333335	0.0007796287536621094
200	12	6	191	40.24264068711929	3.5	0.0008018016815185547
200	12	6	194	40.0	3.3333333333333335	0.0007796287536621094
200	12	6	192	39.24264068711929	3.4166666666666665	0.0008070468902587891
200	12	6	187	39.41421356237309	3.3333333333333335	0.0008001327514648438
200	12	6	188	38.24264068711929	3.3333333333333335	0.0008189678192138672
200	12	6	186	38.41421356237309	3.25	0.0008802413940429688
200	12	6	87	33.41421356237309	2.8333333333333335	0.0008029937744140625
200	12	6	86	39.41421356237309	3.3333333333333335	0.0009100437164306641
