200	1430	6	178	1223.2855185077055	4.995804195804196	0.2040081024169922	5
200	1430	6	60	1187.6496423841922	5.417482517482518	0.21140480041503906	5
200	1430	6	19	1246.379774373684	4.86013986013986	0.2147998809814453	5
200	1430	6	160	1247.435337596049	4.848951048951049	0.20720648765563965	5
200	1430	6	134	1235.010759301188	4.90979020979021	0.2050309181213379	5
200	1430	6	116	1279.0474093941266	4.513286713286713	0.20663094520568848	5
200	1430	6	53	1182.2286220685064	5.4363636363636365	0.21730279922485352	5
200	1430	6	32	1211.306536128629	5.152447552447552	0.2156379222869873	5
200	1430	6	26	1148.841294258215	5.844755244755245	0.21926331520080566	5
200	1430	6	11	1156.465635040912	5.7377622377622375	0.22680878639221191	5
200	1430	6	67	1221.8465778988607	5.313986013986014	0.21144986152648926	5
200	1430	6	141	1266.6262661532583	4.732167832167832	0.20411968231201172	5
200	1430	6	173	1190.4192680440758	5.348951048951049	0.20822787284851074	5
200	1430	6	50	1220.920979959493	5.3433566433566435	0.23050642013549805	5
200	1430	6	138	1237.9251914579513	4.925874125874126	0.20856904983520508	5
200	1430	6	37	1215.6211764671011	4.988111888111888	0.21503567695617676	5
200	1430	6	38	1191.5785919500786	5.3552447552447555	0.21480679512023926	5
200	1430	6	4	1238.3595680119372	4.762937062937063	0.2167649269104004	5
200	1430	6	199	1256.3351258644957	4.844755244755245	0.20392107963562012	5
200	1430	6	105	1199.2621841378711	5.313286713286713	0.20772385597229004	5
200	1430	6	186	1174.0151046926776	5.7384615384615385	0.2184159755706787	5
200	1430	6	79	1230.1496167291034	5.0748251748251745	0.22649097442626953	5
200	1430	6	15	1258.607836241639	4.741258741258742	0.21139812469482422	5
200	1430	6	35	1238.6026302031678	4.9944055944055945	0.2120685577392578	5
200	1430	6	166	1237.6333142640028	4.857342657342658	0.2144160270690918	5
200	1430	6	181	1224.1838609289177	4.976223776223776	0.20488810539245605	5
200	1430	6	180	1259.4141021488608	4.71958041958042	0.2059309482574463	5
200	1430	6	111	1240.2037530644845	4.804195804195804	0.21535062789916992	5
200	1430	6	65	1198.778681582551	5.23986013986014	0.21054863929748535	5
200	1430	6	168	1268.7151035384993	4.456643356643356	0.21586275100708008	5
200	1430	6	114	1194.9612563595713	5.511888111888112	0.21753311157226562	5
200	1430	6	184	1217.5026212352072	5.125174825174825	0.20883703231811523	5
200	1430	6	158	1178.0457802037536	5.516083916083916	0.21072840690612793	5
200	1430	6	127	1239.5957160087257	5.09020979020979	0.21367645263671875	5
200	1430	6	159	1237.7486278663941	4.895804195804196	0.2063746452331543	5
200	1430	6	194	1222.2868499134609	4.899300699300699	0.2063274383544922	5
200	1430	6	131	1229.8344682709937	5.199300699300699	0.21060585975646973	5
200	1430	6	25	1235.2756007345347	4.9251748251748255	0.20941901206970215	5
200	1430	6	110	1274.4555692477618	4.66013986013986	0.21280717849731445	5
200	1430	6	132	1178.1268367145499	5.551048951048951	0.2131366729736328	5
200	1430	6	143	1250.4752124582153	4.722377622377622	0.20277714729309082	5
200	1430	6	128	1241.9881985743323	4.822377622377623	0.21328973770141602	5
200	1430	6	137	1258.6177635621234	4.79020979020979	0.2081141471862793	5
200	1430	6	49	1226.586244527147	5.065734265734266	0.23011088371276855	5
200	1430	6	48	1199.2461674083825	5.083916083916084	0.20626282691955566	5
200	1430	6	148	1189.7431235828467	5.304895104895105	0.2078418731689453	5
200	1430	6	185	1206.5566533229228	5.2839160839160835	0.20932292938232422	5
200	1430	6	95	1147.3387496623254	5.895104895104895	0.22194576263427734	5
200	1430	6	125	1269.7404132480096	4.503496503496503	0.2109975814819336	5
200	1430	6	2	1159.747244259218	5.6678321678321675	0.2241041660308838	5
200	1430	6	27	1186.1421995139663	5.57972027972028	0.21692204475402832	5
200	1430	6	75	1155.247205015668	5.765734265734266	0.21549534797668457	5
200	1430	6	96	1194.7722522333358	5.4825174825174825	0.21341991424560547	5
200	1430	6	47	1211.7835519536	5.3195804195804195	0.2165544033050537	5
200	1430	6	93	1192.9324224593072	5.1685314685314685	0.20817255973815918	5
200	1430	6	151	1208.1665627863558	5.131468531468531	0.20792055130004883	5
200	1430	6	5	1187.4648784638966	5.2272727272727275	0.21362733840942383	5
200	1430	6	179	1211.5389063410253	5.118881118881119	0.20607709884643555	5
200	1430	6	42	1231.438735384738	4.85944055944056	0.21211767196655273	5
200	1430	6	18	1228.2362720535386	4.965734265734266	0.2086331844329834	5
200	1430	6	164	1212.8865817298463	5.2377622377622375	0.20721197128295898	5
200	1430	6	0	1234.2705441103687	4.778321678321678	0.2103266716003418	5
200	1430	6	86	1211.628590399235	5.161538461538462	0.21968865394592285	5
200	1430	6	69	1203.2924200265695	5.245454545454545	0.21191143989562988	5
200	1430	6	44	1243.5120567848749	4.9237762237762235	0.21429967880249023	5
200	1430	6	145	1235.3325242250946	4.990909090909091	0.20703601837158203	5
200	1430	6	81	1238.173885551618	4.825874125874126	0.21351003646850586	5
200	1430	6	62	1168.744844780763	5.453146853146853	0.22243356704711914	5
200	1430	6	33	1239.6772950085835	4.8188811188811185	0.21352934837341309	5
200	1430	6	183	1277.7507408092713	4.576923076923077	0.20403814315795898	5
200	1430	6	54	1242.0834407152709	4.861538461538461	0.21042346954345703	5
200	1430	6	157	1242.0366745107374	4.9363636363636365	0.20564889907836914	5
200	1430	6	169	1239.7604927698003	5.0286713286713285	0.21908354759216309	5
200	1430	6	167	1237.3275823610509	4.978321678321678	0.22077083587646484	5
200	1430	6	12	1207.146944147623	5.3090909090909095	0.21806955337524414	5
200	1430	6	188	1220.3976971965305	5.252447552447553	0.21461009979248047	5
200	1430	6	123	1193.1067564946713	5.2	0.2191915512084961	5
200	1430	6	174	1215.0242520463235	5.0531468531468535	0.2152538299560547	5
200	1430	6	149	1280.6130573811245	4.42027972027972	0.20515656471252441	5
200	1430	6	129	1174.9988444980468	5.58951048951049	0.21617889404296875	5
200	1430	6	31	1149.17901478998	5.648251748251749	0.21480894088745117	5
200	1430	6	124	1145.4738239892858	5.580419580419581	0.21991348266601562	5
200	1430	6	6	1180.1691789922597	5.555244755244755	0.22652029991149902	5
200	1430	6	57	1285.965848320118	4.602797202797203	0.2092134952545166	5
200	1430	6	23	1205.9951572753694	5.048251748251748	0.21276330947875977	5
200	1430	6	172	1187.2431324441702	5.461538461538462	0.21203017234802246	5
200	1430	6	89	1230.8830459018407	5.0531468531468535	0.212998628616333	5
200	1430	6	104	1218.1592191734703	5.189510489510489	0.2072129249572754	5
200	1430	6	61	1222.1940090638664	5.137062937062937	0.20981407165527344	5
200	1430	6	85	1179.7259299502723	5.5755244755244755	0.20700860023498535	5
200	1430	6	36	1191.939807713251	5.324475524475525	0.21773099899291992	5
200	1430	6	165	1239.3567195411724	4.930769230769231	0.20592713356018066	5
200	1430	6	8	1155.522741842944	5.465034965034965	0.21547460556030273	5
200	1430	6	107	1165.0330110278935	5.492307692307692	0.21448755264282227	5
200	1430	6	73	1268.456586758603	4.602797202797203	0.20896601676940918	5
200	1430	6	64	1176.6678875141968	5.524475524475524	0.21357202529907227	5
200	1430	6	45	1236.8919986314736	4.897902097902098	0.20949316024780273	5
200	1430	6	56	1200.0406856589218	5.2041958041958045	0.2070631980895996	5
200	1430	6	71	1198.8044392598697	5.49020979020979	0.21492981910705566	5
200	1430	6	196	1246.4291047934069	5.058041958041958	0.2061781883239746	5
200	1430	6	87	1205.064168000097	5.1678321678321675	0.22248172760009766	5
200	1430	6	136	1204.449255499624	5.21048951048951	0.21639680862426758	5
200	1430	6	192	1194.6853748374776	5.194405594405595	0.20584845542907715	5
200	1430	6	94	1205.1510962390219	5.361538461538461	0.21248841285705566	5
200	1430	6	112	1174.6291401277106	5.6909090909090905	0.21813631057739258	5
200	1430	6	9	1180.5309947237433	5.641958041958042	0.21428823471069336	5
200	1430	6	115	1263.7674773629083	4.647552447552448	0.20848655700683594	5
200	1430	6	139	1172.997387724795	5.629370629370629	0.21560430526733398	5
200	1430	6	102	1230.3233860615683	4.883216783216783	0.21257472038269043	5
200	1430	6	100	1246.639754008131	5.0048951048951045	0.2128453254699707	5
200	1430	6	106	1222.2792303292636	4.884615384615385	0.20729780197143555	5
200	1430	6	108	1237.4505035711968	5.0174825174825175	0.21469521522521973	5
200	1430	6	21	1181.428052237862	5.376223776223776	0.21261978149414062	5
200	1430	6	140	1242.0225527152013	4.890909090909091	0.20643925666809082	5
200	1430	6	120	1240.584141313636	4.758041958041958	0.21368741989135742	5
200	1430	6	97	1188.0389508677508	5.423076923076923	0.21847057342529297	5
200	1430	6	118	1160.5876165838	5.635664335664336	0.21541690826416016	5
200	1430	6	92	1213.8775585283665	5.430769230769231	0.21430230140686035	5
200	1430	6	59	1214.8808758223493	5.251048951048951	0.21796107292175293	5
200	1430	6	146	1255.7805902152008	4.984615384615385	0.21310114860534668	5
200	1430	6	74	1275.5438643116254	4.801398601398601	0.2076718807220459	5
200	1430	6	43	1256.3101779545352	4.828671328671328	0.21579647064208984	5
200	1430	6	14	1242.954458699568	4.788111888111888	0.2029430866241455	5
200	1430	6	70	1165.6728480885129	5.609090909090909	0.20589542388916016	5
200	1430	6	88	1264.4196604073386	4.632167832167832	0.21202635765075684	5
200	1430	6	122	1224.572356466874	4.880419580419581	0.20991015434265137	5
200	1430	6	170	1172.7839115784623	5.521678321678322	0.211716890335083	5
200	1430	6	55	1265.9284698487422	4.620979020979021	0.21251440048217773	5
200	1430	6	84	1163.5757071132336	5.674825174825175	0.21176624298095703	5
200	1430	6	150	1253.8536499342265	4.8083916083916085	0.21135711669921875	5
200	1430	6	66	1173.64924074089	5.425874125874126	0.21214675903320312	5
200	1430	6	76	1186.9536228831812	5.234965034965035	0.21425271034240723	5
200	1430	6	190	1250.3235543770074	4.846853146853147	0.20767521858215332	5
200	1430	6	191	1235.0499056906604	4.919580419580419	0.20913076400756836	5
200	1430	6	83	1193.1624088771073	5.623776223776224	0.20761609077453613	5
200	1430	6	46	1157.073692847758	5.874125874125874	0.21909189224243164	5
200	1430	6	133	1217.7810869433933	5.119580419580419	0.21195125579833984	5
200	1430	6	195	1248.05216896844	4.847552447552448	0.20530176162719727	5
200	1430	6	51	1227.7271225982906	5.155244755244755	0.2155299186706543	5
200	1430	6	28	1212.198896132137	5.080419580419581	0.20808768272399902	5
200	1430	6	40	1224.3541937053733	4.958041958041958	0.20864057540893555	5
200	1430	6	24	1222.2045789773194	5.036363636363636	0.20328927040100098	5
200	1430	6	77	1220.3826708797842	5.048951048951049	0.21271824836730957	5
200	1430	6	130	1165.3986246869254	5.567132867132867	0.22021698951721191	5
200	1430	6	156	1252.7707991186812	4.838461538461538	0.2090318202972412	5
200	1430	6	155	1149.2085596853474	5.69020979020979	0.2120954990386963	5
200	1430	6	41	1196.8687425600283	5.36013986013986	0.2057340145111084	5
200	1430	6	154	1246.4530318369232	5.097202797202797	0.21240925788879395	5
200	1430	6	68	1201.5899824728754	5.120979020979021	0.21434617042541504	5
200	1430	6	72	1231.535332538984	5.042657342657343	0.2139577865600586	5
200	1430	6	142	1172.2112163824158	5.635664335664336	0.21118736267089844	5
200	1430	6	198	1248.0327310471034	4.637762237762238	0.21181178092956543	5
200	1430	6	121	1253.096949330493	4.708391608391608	0.20972895622253418	5
200	1430	6	20	1176.7585053705216	5.618881118881119	0.20774269104003906	5
200	1430	6	162	1221.6460933187145	5.177622377622377	0.2066178321838379	5
200	1430	6	152	1178.5312152332363	5.326573426573426	0.21089553833007812	5
200	1430	6	147	1214.5654636061988	4.996503496503497	0.20777678489685059	5
200	1430	6	80	1155.8554000993372	5.873426573426573	0.2202436923980713	5
200	1430	6	189	1197.0891249915774	5.282517482517482	0.2124922275543213	5
200	1430	6	29	1212.8580300830454	4.9706293706293705	0.20920085906982422	5
200	1430	6	39	1218.3326458602721	5.2391608391608395	0.2093496322631836	5
200	1430	6	197	1181.6582528217095	5.146853146853147	0.20647668838500977	5
200	1430	6	30	1218.1148048419607	5.148251748251749	0.20572781562805176	5
200	1430	6	101	1229.7192632823085	4.905594405594406	0.21100497245788574	5
200	1430	6	161	1243.1327735528073	4.86993006993007	0.20697617530822754	5
200	1430	6	16	1184.2838350279585	5.171328671328672	0.20790719985961914	5
200	1430	6	1	1220.1867825727745	5.119580419580419	0.2084815502166748	5
200	1430	6	176	1194.5006108652594	5.317482517482517	0.21150422096252441	5
200	1430	6	98	1219.1433640967796	5.2006993006993	0.21347784996032715	5
200	1430	6	34	1212.2296234764717	5.22937062937063	0.21364784240722656	5
200	1430	6	10	1182.5199095508294	5.557342657342657	0.20646166801452637	5
200	1430	6	52	1176.5901435991507	5.28041958041958	0.21214509010314941	5
200	1430	6	163	1203.1607923352565	5.171328671328672	0.20102739334106445	5
200	1430	6	187	1205.7078288381288	5.139160839160839	0.22072529792785645	5
200	1430	6	177	1182.4930393989061	5.3895104895104895	0.20787525177001953	5
200	1430	6	171	1154.2673355668433	5.744755244755245	0.21141290664672852	5
200	1430	6	117	1277.3318854751121	4.602097902097902	0.21009445190429688	5
200	1430	6	109	1186.8307992927653	5.155244755244755	0.20982718467712402	5
200	1430	6	91	1154.5326727411843	5.618181818181818	0.21680736541748047	5
200	1430	6	3	1268.4668508869308	4.632167832167832	0.19887304306030273	5
200	1430	6	58	1251.902229289859	4.765034965034965	0.20482540130615234	5
200	1430	6	103	1200.6803013447916	5.163636363636364	0.21424531936645508	5
200	1430	6	113	1254.1347527505675	4.57972027972028	0.20177793502807617	5
200	1430	6	78	1231.3750511525463	5.003496503496503	0.20975518226623535	5
200	1430	6	17	1184.9496605405418	5.441958041958042	0.2078535556793213	5
200	1430	6	13	1202.4400862188445	5.2972027972027975	0.20451617240905762	5
200	1430	6	7	1219.2329093358903	5.070629370629371	0.20831656455993652	5
200	1430	6	193	1162.0034829263402	5.7391608391608395	0.21033978462219238	5
200	1430	6	182	1224.7585116991845	5.0286713286713285	0.19929933547973633	5
200	1430	6	135	1236.3173982323033	4.887412587412587	0.20205163955688477	5
200	1430	6	126	1218.0000142040299	5.21958041958042	0.20901203155517578	5
200	1430	6	175	1280.9831135637187	4.5748251748251745	0.20484375953674316	5
200	1430	6	153	1181.0540618317452	5.486713286713287	0.21169662475585938	5
200	1430	6	22	1169.7219736306258	5.5293706293706295	0.20675253868103027	5
200	1430	6	82	1209.753551717391	5.257342657342657	0.2088639736175537	5
200	1430	6	99	1148.7520844067103	5.864335664335664	0.2100057601928711	5
200	1430	6	144	1223.848406810806	5.109090909090909	0.20659470558166504	5
200	1430	6	63	1185.9600629550787	5.5286713286713285	0.21066832542419434	5
200	1430	6	119	1129.8848553772605	5.636363636363637	0.2087876796722412	5
200	1430	6	90	1248.4031345514925	4.902797202797203	0.2065110206604004	5
