500	378	-1	57	1138.4678985096912	11.47883597883598
500	378	-1	77	1116.1764524554326	10.103174603174603
500	378	-1	47	1137.6127538439423	10.37037037037037
500	378	-1	66	1150.2391717348314	10.412698412698413
500	378	-1	39	1154.5794420042744	9.568783068783068
500	378	-1	146	1141.841061042986	10.994708994708995
500	378	-1	144	1132.220180186443	11.216931216931217
500	378	-1	134	1119.7031393340228	9.835978835978835
500	378	-1	188	1113.5082534662517	11.201058201058201
500	378	-1	135	1112.2432142364732	11.579365079365079
500	378	-1	127	1146.1051733167878	10.076719576719576
500	378	-1	58	1125.030023725718	10.634920634920634
500	378	-1	151	1134.1754035874687	11.306878306878307
500	378	-1	185	1137.4818780897308	10.751322751322752
500	378	-1	119	1143.9021662071036	9.67989417989418
500	378	-1	63	1146.9003705674088	10.288359788359788
500	378	-1	12	1151.2661194020307	10.96031746031746
500	378	-1	73	1155.2388023851054	9.880952380952381
500	378	-1	74	1148.6615137843983	9.994708994708995
500	378	-1	139	1141.819576249143	10.137566137566138
500	378	-1	51	1139.9940069002366	10.100529100529101
500	378	-1	78	1148.2623910514035	11.126984126984127
500	378	-1	131	1155.2886372068026	10.222222222222221
500	378	-1	2	1139.546093798456	9.84920634920635
500	378	-1	87	1152.7008561059783	10.018518518518519
500	378	-1	38	1154.312335415945	10.661375661375661
500	378	-1	147	1157.7271693475068	9.83068783068783
500	378	-1	55	1137.811971786124	11.251322751322752
500	378	-1	186	1141.0059442076563	11.17989417989418
500	378	-1	183	1155.0163184002265	10.164021164021165
500	378	-1	65	1117.1456473088563	11.005291005291005
500	378	-1	196	1147.2757342145094	11.492063492063492
500	378	-1	54	1133.880969981663	9.97883597883598
500	378	-1	148	1125.6578425284388	10.420634920634921
500	378	-1	48	1152.6941307984014	10.425925925925926
500	378	-1	24	1148.536319843006	10.198412698412698
500	378	-1	10	1139.6000159980367	11.597883597883598
500	378	-1	123	1155.0080522987496	10.981481481481481
500	378	-1	120	1116.6317698135442	9.925925925925926
500	378	-1	129	1153.5012922264855	9.984126984126984
500	378	-1	109	1146.5856658791988	10.838624338624339
500	378	-1	34	1134.733967605816	10.343915343915343
500	378	-1	71	1148.1632368933927	11.105820105820106
500	378	-1	194	1110.408672069643	11.211640211640212
500	378	-1	82	1148.7218600523631	10.03968253968254
500	378	-1	115	1149.8047473124077	9.825396825396826
500	378	-1	181	1121.1170856864915	10.298941798941799
500	378	-1	32	1129.0521027796108	11.187830687830688
500	378	-1	184	1128.110604334424	10.677248677248677
500	378	-1	199	1121.7736999019132	10.55026455026455
500	378	-1	29	1129.440642446565	9.933862433862434
500	378	-1	169	1120.347113084983	11.529100529100528
500	378	-1	3	1137.5930398279152	9.343915343915343
500	378	-1	16	1159.094984992049	9.80952380952381
500	378	-1	53	1145.9675996843819	11.415343915343914
500	378	-1	49	1146.1441270267521	10.920634920634921
500	378	-1	165	1154.3165545499307	10.357142857142858
500	378	-1	89	1110.4633449268745	10.664021164021165
500	378	-1	44	1137.2694414569244	10.788359788359788
500	378	-1	23	1146.405481302675	11.216931216931217
500	378	-1	13	1147.1230943657729	10.587301587301587
500	378	-1	145	1131.5889411183662	11.124338624338625
500	378	-1	30	1142.3103959030518	9.902116402116402
500	378	-1	107	1138.8902171764144	10.11111111111111
500	378	-1	90	1136.86024986804	11.002645502645503
500	378	-1	46	1117.7415502836764	9.555555555555555
500	378	-1	97	1113.8251236212507	11.12962962962963
500	378	-1	143	1158.3605642350974	9.920634920634921
500	378	-1	164	1125.4762820995718	10.552910052910052
500	378	-1	191	1144.3214257028199	11.134920634920634
500	378	-1	152	1151.243465224913	10.777777777777779
500	378	-1	192	1133.587059502178	10.333333333333334
500	378	-1	121	1143.0585290760275	10.96031746031746
500	378	-1	126	1138.240842332032	10.822751322751323
500	378	-1	69	1120.4381771344938	10.082010582010582
500	378	-1	56	1142.6756186574444	10.555555555555555
500	378	-1	140	1137.8278616984426	11.378306878306878
500	378	-1	133	1118.3465561366706	11.277777777777779
500	378	-1	197	1138.152804278814	10.703703703703704
500	378	-1	27	1129.2551630592495	10.605820105820106
500	378	-1	60	1157.2679954306523	10.253968253968255
500	378	-1	4	1126.7319808029936	11.097883597883598
500	378	-1	91	1127.6395182307326	10.378306878306878
500	378	-1	41	1121.3879553537183	10.783068783068783
500	378	-1	7	1138.812857144099	10.58994708994709
500	378	-1	130	1141.7544700751166	9.783068783068783
500	378	-1	67	1134.1075068342354	9.880952380952381
500	378	-1	70	1133.9284754863343	9.671957671957673
500	378	-1	101	1182.0085960223716	10.182539682539682
500	378	-1	61	1111.7678899130183	11.103174603174603
500	378	-1	15	1146.8517556715724	10.925925925925926
500	378	-1	198	1153.9169447591605	10.359788359788359
500	378	-1	64	1142.9287817333307	10.574074074074074
500	378	-1	163	1138.467057794232	10.93915343915344
500	378	-1	182	1122.4703582376067	11.531746031746032
500	378	-1	86	1143.9482076033628	11.558201058201059
500	378	-1	193	1125.616323644458	10.75925925925926
500	378	-1	5	1127.3266513279902	10.415343915343914
500	378	-1	110	1138.8761404745007	10.616402116402117
500	378	-1	76	1124.7597385651368	10.78042328042328
500	378	-1	88	1134.90751188364	11.097883597883598
500	378	-1	167	1143.469603079526	10.80952380952381
500	378	-1	156	1139.7799242173467	10.462962962962964
500	378	-1	68	1139.4483806100227	10.275132275132275
500	378	-1	22	1131.9390050120862	10.828042328042327
500	378	-1	154	1143.3613999606105	10.11111111111111
500	378	-1	106	1145.6293479222284	11.206349206349206
500	378	-1	160	1110.3871760540235	11.19047619047619
500	378	-1	28	1141.2622078472855	10.351851851851851
500	378	-1	40	1144.2626721735091	11.343915343915343
500	378	-1	92	1131.2777112602346	10.375661375661375
500	378	-1	105	1141.1415770032356	10.912698412698413
500	378	-1	43	1146.220840985028	11.052910052910052
500	378	-1	45	1145.9831285632852	10.693121693121693
500	378	-1	122	1149.5276444158105	9.351851851851851
500	378	-1	175	1111.8692874055432	10.354497354497354
500	378	-1	141	1129.8625003609095	10.547619047619047
500	378	-1	36	1125.6173862613966	10.121693121693122
500	378	-1	6	1119.345521752504	11.873015873015873
500	378	-1	173	1149.6640242565375	10.304232804232804
500	378	-1	1	1140.4583481418358	11.002645502645503
500	378	-1	142	1130.1290532859095	11.783068783068783
500	378	-1	26	1124.2198221296899	11.52116402116402
500	378	-1	137	1167.8602151399493	9.933862433862434
500	378	-1	0	1153.3652376737934	10.333333333333334
500	378	-1	128	1108.4697563530478	11.026455026455027
500	378	-1	113	1127.2295045471049	11.619047619047619
500	378	-1	42	1149.2584331519981	10.595238095238095
500	378	-1	25	1150.7057909239127	10.365079365079366
500	378	-1	136	1139.620991396154	11.208994708994709
500	378	-1	31	1116.240823820156	11.124338624338625
500	378	-1	84	1141.2610571724654	10.563492063492063
500	378	-1	94	1164.6016271992864	11.052910052910052
500	378	-1	21	1131.2791355371053	10.997354497354497
500	378	-1	178	1149.724083784462	10.761904761904763
500	378	-1	99	1136.320876781108	10.312169312169312
500	378	-1	124	1143.7926062339384	10.862433862433862
500	378	-1	50	1137.2550907329103	11.042328042328043
500	378	-1	11	1125.7699774384253	11.222222222222221
500	378	-1	187	1164.9140455018262	10.113756613756614
500	378	-1	14	1131.8630014167934	11.092592592592593
500	378	-1	153	1133.595647712091	10.56084656084656
500	378	-1	176	1171.1503953288945	9.738095238095237
500	378	-1	62	1124.2767108290147	10.724867724867725
500	378	-1	100	1133.1226812836414	10.65079365079365
500	378	-1	83	1131.4239767721397	11.156084656084657
500	378	-1	161	1156.2669562134458	10.65079365079365
500	378	-1	108	1119.1139584864534	11.253968253968255
500	378	-1	35	1146.7620205909843	10.917989417989418
500	378	-1	102	1151.5698087892895	10.886243386243386
500	378	-1	170	1131.833134475507	10.957671957671957
500	378	-1	37	1140.7972420081155	11.103174603174603
500	378	-1	138	1135.447656448503	10.380952380952381
500	378	-1	103	1123.724913731392	11.793650793650794
500	378	-1	59	1127.1822583586118	10.664021164021165
500	378	-1	190	1155.407581261777	9.976190476190476
500	378	-1	111	1138.522293453	10.732804232804233
500	378	-1	177	1144.1743752306322	9.968253968253968
500	378	-1	17	1110.6863066780265	10.899470899470899
500	378	-1	93	1154.3494543705476	10.801587301587302
500	378	-1	104	1148.7415245657146	10.156084656084657
500	378	-1	19	1131.6399372778656	11.301587301587302
500	378	-1	166	1147.7278901996362	9.883597883597883
500	378	-1	179	1120.900258258343	10.873015873015873
500	378	-1	8	1137.5746046768563	10.452380952380953
500	378	-1	98	1123.3691087810007	10.904761904761905
500	378	-1	52	1132.8168441251412	10.558201058201059
500	378	-1	95	1157.2247986774355	10.298941798941799
500	378	-1	157	1147.6983386921097	11.248677248677248
500	378	-1	159	1147.7017632427526	10.574074074074074
500	378	-1	189	1158.6909560454988	10.30952380952381
500	378	-1	81	1164.3357874750332	10.526455026455027
500	378	-1	85	1118.7699932380144	11.69047619047619
500	378	-1	168	1135.540267402414	10.071428571428571
500	378	-1	180	1134.5869360275601	10.899470899470899
500	378	-1	18	1130.9484560317187	11.206349206349206
500	378	-1	171	1143.9727813145932	11.121693121693122
500	378	-1	33	1169.1677419511084	10.261904761904763
500	378	-1	112	1159.2505964599275	9.314814814814815
500	378	-1	117	1163.5970349769564	10.394179894179894
500	378	-1	155	1129.5254962269883	11.293650793650794
500	378	-1	118	1131.7885792463017	10.806878306878307
500	378	-1	174	1116.789539444047	10.661375661375661
500	378	-1	132	1144.395627170026	10.433862433862434
500	378	-1	149	1152.4419030258491	10.441798941798941
500	378	-1	125	1143.8779852641346	10.47883597883598
500	378	-1	96	1131.122140954668	11.367724867724867
500	378	-1	20	1141.0403288979892	11.158730158730158
500	378	-1	116	1157.3005901913914	10.148148148148149
500	378	-1	79	1155.5296347140559	9.751322751322752
500	378	-1	75	1144.895614367329	10.584656084656086
500	378	-1	162	1124.1853897087726	10.510582010582011
500	378	-1	114	1129.1046476387808	10.947089947089948
500	378	-1	172	1141.9220787647414	10.703703703703704
500	378	-1	158	1125.8799750995909	11.079365079365079
500	378	-1	80	1125.862246500909	10.793650793650794
500	378	-1	72	1151.2374699812692	10.087301587301587
500	378	-1	9	1143.7290620114836	11.013227513227513
