500	624	3	29	1518.8507665617483	10.16826923076923	 2.384185791015625e-07 
500	624	3	23	1515.648287076889	9.927884615384615	 4.76837158203125e-07 
500	624	3	28	1500.8462156619396	10.415064102564102	 2.384185791015625e-07 
500	624	3	25	1516.5713265890122	10.221153846153847	 2.384185791015625e-07 
500	624	3	21	1532.7147206805944	10.096153846153847	 2.384185791015625e-07 
500	624	3	27	1521.0434483186814	9.759615384615385	 2.384185791015625e-07 
500	624	3	24	1533.9644058372317	10.729166666666666	 2.384185791015625e-07 
500	624	3	22	1504.8719337300715	10.580128205128204	 4.76837158203125e-07 
500	624	3	26	1489.3351283637908	10.384615384615385	 2.384185791015625e-07 
500	624	3	31	1505.5293954976205	10.288461538461538	 2.384185791015625e-07 
500	624	3	33	1522.4098309515607	10.333333333333334	 4.76837158203125e-07 
500	624	3	37	1527.398403283672	9.959935897435898	 2.384185791015625e-07 
500	624	3	32	1515.2148951271338	10.544871794871796	 2.384185791015625e-07 
500	624	3	36	1515.975052647277	9.950320512820513	 2.384185791015625e-07 
500	624	3	38	1526.1024950695626	10.846153846153847	 2.384185791015625e-07 
500	624	3	34	1537.2416512419359	10.201923076923077	 2.384185791015625e-07 
500	624	3	42	1528.425741637142	10.459935897435898	 2.384185791015625e-07 
500	624	3	43	1527.1377296666944	10.20352564102564	 2.384185791015625e-07 
500	624	3	47	1519.0437999615335	10.213141025641026	 2.384185791015625e-07 
500	624	3	44	1523.3138386484236	10.227564102564102	 2.384185791015625e-07 
500	624	3	40	1539.7629360518465	9.5625	 2.384185791015625e-07 
500	624	3	39	1527.2029368184544	10.379807692307692	 2.384185791015625e-07 
500	624	3	41	1502.3407365818189	10.876602564102564	 2.384185791015625e-07 
500	624	3	46	1521.5194311667044	9.104166666666666	 7.152557373046875e-07 
500	624	3	3	1511.8318419463815	9.82852564102564	 4.76837158203125e-07 
500	624	3	4	1509.6191656409062	10.572115384615385	 4.76837158203125e-07 
500	624	3	1	1521.554211039726	10.158653846153847	 2.384185791015625e-07 
500	624	3	0	1535.8109172598668	10.116987179487179	 2.384185791015625e-07 
500	624	3	51	1520.6702858805008	10.136217948717949	 2.384185791015625e-07 
500	624	3	53	1518.593386676362	9.846153846153847	 2.384185791015625e-07 
500	624	3	49	1514.6579862452575	10.514423076923077	 7.152557373046875e-07 
500	624	3	55	1524.9981169328014	10.346153846153847	 2.384185791015625e-07 
500	624	3	50	1520.096980125507	10.423076923076923	 2.384185791015625e-07 
500	624	3	52	1515.3934438541	10.490384615384615	 4.76837158203125e-07 
500	624	3	54	1522.3505784099423	10.028846153846153	 4.76837158203125e-07 
500	624	3	77	1498.840531365584	10.352564102564102	 7.152557373046875e-07 
500	624	3	78	1560.9875505529444	8.592948717948717	 2.384185791015625e-07 
500	624	3	76	1494.6281157459312	11.217948717948717	 2.384185791015625e-07 
500	624	3	72	1519.9811413508392	10.104166666666666	 2.384185791015625e-07 
500	624	3	71	1521.5094372367073	10.240384615384615	 4.76837158203125e-07 
500	624	3	65	1504.506535373472	10.5625	 2.384185791015625e-07 
500	624	3	74	1514.9331065669812	10.70352564102564	 2.384185791015625e-07 
500	624	3	67	1541.333515615209	9.091346153846153	 2.384185791015625e-07 
500	624	3	64	1515.106057270146	10.689102564102564	 2.384185791015625e-07 
500	624	3	68	1530.5827464890397	9.713141025641026	 2.384185791015625e-07 
500	624	3	59	1511.4578650715646	11.0625	 2.384185791015625e-07 
500	624	3	57	1494.900328830846	10.690705128205128	 2.384185791015625e-07 
500	624	3	73	1532.7379282484155	10.57852564102564	 4.76837158203125e-07 
500	624	3	58	1518.7209786818323	10.235576923076923	 2.384185791015625e-07 
500	624	3	61	1515.5661121311975	9.866987179487179	 7.152557373046875e-07 
500	624	3	85	1498.5370100720852	10.679487179487179	 2.384185791015625e-07 
500	624	3	82	1509.8243760574398	10.844551282051283	 4.76837158203125e-07 
500	624	3	83	1519.9017114842086	11.051282051282051	 2.384185791015625e-07 
500	624	3	84	1533.0722230657464	9.924679487179487	 2.384185791015625e-07 
500	624	3	92	1517.531916385173	10.216346153846153	 4.76837158203125e-07 
500	624	3	89	1523.915314296429	9.006410256410257	 2.384185791015625e-07 
500	624	3	91	1495.267167732598	10.661858974358974	 2.384185791015625e-07 
500	624	3	80	1519.6925300386272	10.3125	 2.384185791015625e-07 
500	624	3	81	1525.9588479087413	10.092948717948717	 4.76837158203125e-07 
500	624	3	90	1521.787418489659	10.113782051282051	 2.384185791015625e-07 
500	624	3	87	1547.3142904355473	9.403846153846153	 2.384185791015625e-07 
500	624	3	86	1497.4657362510452	10.629807692307692	 2.384185791015625e-07 
500	624	3	88	1527.380767632969	9.860576923076923	 2.384185791015625e-07 
500	624	3	106	1545.0039441846852	9.974358974358974	 4.76837158203125e-07 
500	624	3	99	1523.3276594540505	10.711538461538462	 4.76837158203125e-07 
500	624	3	96	1506.4796871091783	10.613782051282051	 4.76837158203125e-07 
500	624	3	98	1521.8224260859565	9.963141025641026	 2.384185791015625e-07 
500	624	3	105	1508.9667331737037	10.075320512820513	 4.76837158203125e-07 
500	624	3	95	1529.3577532766938	9.73076923076923	 2.384185791015625e-07 
500	624	3	97	1492.5265904789937	10.92147435897436	 2.384185791015625e-07 
500	624	3	100	1517.0392013192861	10.721153846153847	 2.384185791015625e-07 
500	624	3	93	1533.9247489099257	10.365384615384615	 2.384185791015625e-07 
500	624	3	103	1508.559647614042	10.65224358974359	 2.384185791015625e-07 
500	624	3	107	1518.453947489389	10.157051282051283	 7.152557373046875e-07 
500	624	3	104	1506.1700780788706	10.695512820512821	 2.384185791015625e-07 
500	624	3	130	1526.4632452982416	10.615384615384615	 2.384185791015625e-07 
500	624	3	135	1508.3716129725071	9.761217948717949	 2.384185791015625e-07 
500	624	3	134	1490.5473849775185	10.442307692307692	 2.384185791015625e-07 
500	624	3	132	1537.0729088197236	10.549679487179487	 2.384185791015625e-07 
500	624	3	108	1546.7474089994118	9.379807692307692	 2.384185791015625e-07 
500	624	3	110	1528.4668018766054	10.209935897435898	 2.384185791015625e-07 
500	624	3	109	1511.5105831085564	10.330128205128204	 2.384185791015625e-07 
500	624	3	142	1501.8383893656032	10.649038461538462	 2.384185791015625e-07 
500	624	3	133	1536.2799345598296	9.647435897435898	 2.384185791015625e-07 
500	624	3	140	1528.8601050328311	9.709935897435898	 2.384185791015625e-07 
500	624	3	144	1516.260469562387	10.65224358974359	 2.384185791015625e-07 
500	624	3	145	1532.517319673449	9.959935897435898	 2.384185791015625e-07 
500	624	3	131	1506.092329461905	10.967948717948717	 4.76837158203125e-07 
500	624	3	126	1515.7911089630206	10.386217948717949	 2.384185791015625e-07 
500	624	3	124	1549.9530589444132	10.463141025641026	 2.384185791015625e-07 
500	624	3	127	1509.513651591692	10.195512820512821	 2.384185791015625e-07 
500	624	3	112	1537.7743263471718	9.775641025641026	 2.384185791015625e-07 
500	624	3	128	1505.825500529711	10.525641025641026	 4.76837158203125e-07 
500	624	3	115	1542.5029303325862	9.674679487179487	 2.384185791015625e-07 
500	624	3	113	1501.9968801045416	10.375	 4.76837158203125e-07 
500	624	3	122	1545.1393126087191	9.637820512820513	 4.76837158203125e-07 
500	624	3	120	1513.7941376417737	10.04647435897436	 2.384185791015625e-07 
500	624	3	125	1523.6401092740232	9.657051282051283	 2.384185791015625e-07 
500	624	3	119	1505.3425762423428	9.990384615384615	 4.76837158203125e-07 
500	624	3	121	1524.1767794013424	10.259615384615385	 2.384185791015625e-07 
500	624	3	114	1528.8782667567502	9.197115384615385	 4.76837158203125e-07 
500	624	3	116	1510.6645096072048	11.08974358974359	 2.384185791015625e-07 
500	624	3	118	1533.8177243427144	10.59775641025641	 2.384185791015625e-07 
500	624	3	147	1536.8055485379011	10.376602564102564	 4.76837158203125e-07 
500	624	3	148	1512.0639064486513	9.971153846153847	 2.384185791015625e-07 
500	624	3	141	1539.363790405018	9.610576923076923	 2.384185791015625e-07 
500	624	3	151	1514.891005327688	10.588141025641026	 4.76837158203125e-07 
500	624	3	158	1526.861049088263	10.09775641025641	 4.76837158203125e-07 
500	624	3	157	1526.184513117877	10.573717948717949	 2.384185791015625e-07 
500	624	3	149	1509.4884372547956	11.057692307692308	 2.384185791015625e-07 
500	624	3	156	1517.2549628189518	10.064102564102564	 4.76837158203125e-07 
500	624	3	153	1506.483945131981	10.0625	 2.384185791015625e-07 
500	624	3	154	1513.6090233824243	10.282051282051283	 2.384185791015625e-07 
500	624	3	163	1525.4508168839757	10.173076923076923	 2.384185791015625e-07 
500	624	3	162	1488.9566576114962	10.66025641025641	 2.384185791015625e-07 
500	624	3	160	1467.6441115197745	11.025641025641026	 2.384185791015625e-07 
500	624	3	166	1523.576106102504	9.161858974358974	 2.384185791015625e-07 
500	624	3	164	1496.4396550811196	10.309294871794872	 2.384185791015625e-07 
500	624	3	171	1518.6880720871998	10.570512820512821	 4.76837158203125e-07 
500	624	3	175	1525.0257334585485	9.790064102564102	 2.384185791015625e-07 
500	624	3	169	1529.7521546804865	10.120192307692308	 2.384185791015625e-07 
500	624	3	174	1508.1986122246337	10.09775641025641	 2.384185791015625e-07 
500	624	3	178	1521.9187698034636	10.025641025641026	 4.76837158203125e-07 
500	624	3	168	1516.0662442166831	9.939102564102564	 2.384185791015625e-07 
500	624	3	172	1531.3356884818284	9.524038461538462	 2.384185791015625e-07 
500	624	3	177	1524.9941358989627	9.987179487179487	 2.384185791015625e-07 
500	624	3	173	1525.4455271909933	10.389423076923077	 2.384185791015625e-07 
500	624	3	167	1506.5188862040775	10.969551282051283	 2.384185791015625e-07 
500	624	3	180	1519.4867102074982	10.604166666666666	 4.76837158203125e-07 
500	624	3	179	1500.517687021511	10.612179487179487	 2.384185791015625e-07 
500	624	3	183	1529.3817185159485	10.541666666666666	 2.384185791015625e-07 
500	624	3	182	1510.099551868606	10.549679487179487	 2.384185791015625e-07 
500	624	3	181	1522.6713435005622	10.772435897435898	 4.76837158203125e-07 
500	624	3	184	1494.5655901616174	10.128205128205128	 2.384185791015625e-07 
500	624	3	176	1537.8772190303207	10.435897435897436	 4.76837158203125e-07 
500	624	3	186	1500.5146251637773	11.0625	 2.384185791015625e-07 
500	624	3	197	1531.8073621135782	9.491987179487179	 2.384185791015625e-07 
500	624	3	189	1512.0810867300888	10.320512820512821	 4.76837158203125e-07 
500	624	3	195	1503.663240141489	10.743589743589743	 2.384185791015625e-07 
500	624	3	188	1512.0652485099465	10.548076923076923	 2.384185791015625e-07 
500	624	3	191	1537.6220940058272	9.783653846153847	 2.384185791015625e-07 
500	624	3	193	1505.5580991360143	10.525641025641026	 4.76837158203125e-07 
500	624	3	192	1494.8083454825878	10.431089743589743	 9.5367431640625e-07 
500	624	3	194	1503.1435272163585	10.315705128205128	 4.76837158203125e-07 
500	624	3	196	1518.9279392438855	10.48397435897436	 2.384185791015625e-07 
500	624	3	199	1533.255986231008	9.629807692307692	 2.384185791015625e-07 
500	624	3	204	1522.4724496238641	10.086538461538462	 4.76837158203125e-07 
500	624	3	198	1525.3948245138515	9.9375	 2.384185791015625e-07 
500	624	3	202	1524.4362131207731	10.73076923076923	 4.76837158203125e-07 
500	624	3	203	1526.6091519754623	10.525641025641026	 2.384185791015625e-07 
500	624	3	201	1502.4518904312908	10.878205128205128	 2.384185791015625e-07 
500	624	3	205	1527.3018277941667	9.79326923076923	 2.384185791015625e-07 
500	624	3	215	1534.3785790385782	10.205128205128204	 2.384185791015625e-07 
500	624	3	206	1540.6760076295402	9.21474358974359	 2.384185791015625e-07 
500	624	3	207	1511.3689466703854	10.701923076923077	 7.152557373046875e-07 
500	624	3	208	1532.768724329337	9.511217948717949	 2.384185791015625e-07 
500	624	3	216	1525.4671533562657	9.75	 4.76837158203125e-07 
500	624	3	214	1517.7534791296423	10.208333333333334	 4.76837158203125e-07 
500	624	3	213	1532.6661946425795	8.892628205128204	 4.76837158203125e-07 
500	624	3	221	1505.5401818607997	10.036858974358974	 2.384185791015625e-07 
500	624	3	220	1487.9506936164685	10.758012820512821	 4.76837158203125e-07 
500	624	3	217	1505.3609268276498	11.176282051282051	 2.384185791015625e-07 
500	624	3	219	1497.4482605526005	10.70352564102564	 4.76837158203125e-07 
500	624	3	226	1543.5762594276293	9.570512820512821	 4.76837158203125e-07 
500	624	3	223	1545.9896377773043	9.649038461538462	 2.384185791015625e-07 
500	624	3	222	1514.04462324529	10.503205128205128	 7.152557373046875e-07 
500	624	3	225	1539.6780714762272	9.60576923076923	 4.76837158203125e-07 
500	624	3	229	1510.8010179707821	10.208333333333334	 4.76837158203125e-07 
500	624	3	228	1533.3658167149185	10.488782051282051	 4.76837158203125e-07 
500	624	3	230	1485.3697197806168	11.246794871794872	 2.384185791015625e-07 
500	624	3	231	1519.4148374300557	10.126602564102564	 4.76837158203125e-07 
500	624	3	18	1524.161110964772	10.482371794871796	 4.76837158203125e-07 
500	624	3	20	1522.88217465976	10.588141025641026	 4.76837158203125e-07 
500	624	3	16	1503.068979810412	10.83974358974359	 2.384185791015625e-07 
500	624	3	19	1514.7195841870553	10.756410256410257	 4.76837158203125e-07 
500	624	3	8	1533.1707925852884	9.588141025641026	 7.152557373046875e-07 
500	624	3	9	1528.980955873173	10.286858974358974	 2.384185791015625e-07 
500	624	3	7	1540.7490885693887	9.498397435897436	 2.384185791015625e-07 
500	624	3	11	1515.5203693282729	10.533653846153847	 2.384185791015625e-07 
500	624	3	10	1563.2150364944287	9.248397435897436	 7.152557373046875e-07 
500	624	3	5	1500.899146845317	10.23397435897436	 2.384185791015625e-07 
500	624	3	12	1538.391286035788	9.649038461538462	 4.76837158203125e-07 
500	624	3	17	1517.8297038058465	10.700320512820513	 4.76837158203125e-07 
500	624	3	13	1505.9133265370867	10.911858974358974	 4.76837158203125e-07 
500	624	3	242	1510.2178750621508	10.278846153846153	 4.76837158203125e-07 
500	624	3	235	1529.7819751503055	9.794871794871796	 2.384185791015625e-07 
500	624	3	237	1535.648229209223	9.879807692307692	 0.0 
500	624	3	238	1554.4447855239682	8.955128205128204	 2.384185791015625e-07 
500	624	3	240	1517.9771498409655	10.371794871794872	 4.76837158203125e-07 
500	624	3	241	1512.9399877357841	10.118589743589743	 2.384185791015625e-07 
500	624	3	236	1512.3993100282592	10.5	 2.384185791015625e-07 
500	624	3	233	1523.4332770441695	10.442307692307692	 2.384185791015625e-07 
500	624	3	232	1534.4662048323407	10.232371794871796	 2.384185791015625e-07 
500	624	3	243	1506.929423781996	10.315705128205128	 4.76837158203125e-07 
500	624	3	244	1544.9665743853907	10.157051282051283	 2.384185791015625e-07 
500	624	3	245	1521.593655627921	10.618589743589743	 7.152557373046875e-07 
500	624	3	239	1541.794652099375	9.45352564102564	 2.384185791015625e-07 
500	624	3	246	1522.9746367108235	10.274038461538462	 2.384185791015625e-07 
500	624	3	247	1544.6766296740732	9.876602564102564	 4.76837158203125e-07 
500	624	3	248	1528.600862283651	10.838141025641026	 4.76837158203125e-07 
500	624	3	249	1553.1387762512122	9.892628205128204	 2.384185791015625e-07 
500	624	3	255	1536.245176880924	9.993589743589743	 2.384185791015625e-07 
500	624	3	250	1521.3038765870713	10.926282051282051	 2.384185791015625e-07 
500	624	3	253	1497.5083046055802	10.924679487179487	 2.384185791015625e-07 
500	624	3	266	1550.535736209648	9.737179487179487	 4.76837158203125e-07 
500	624	3	254	1525.6589954749534	9.802884615384615	 2.384185791015625e-07 
500	624	3	256	1503.6958143249474	10.620192307692308	 4.76837158203125e-07 
500	624	3	252	1526.3765168345572	10.157051282051283	 2.384185791015625e-07 
500	624	3	258	1524.9849829660093	10.197115384615385	 2.384185791015625e-07 
500	624	3	257	1512.797457108609	10.616987179487179	 2.384185791015625e-07 
500	624	3	264	1493.5341916322577	10.794871794871796	 2.384185791015625e-07 
500	624	3	260	1518.754989184173	10.689102564102564	 7.152557373046875e-07 
500	624	3	263	1545.6893082705685	10.157051282051283	 2.384185791015625e-07 
500	624	3	259	1518.5690946549494	10.362179487179487	 2.384185791015625e-07 
500	624	3	251	1518.2441949608533	10.524038461538462	 2.384185791015625e-07 
500	624	3	267	1507.639080775476	9.966346153846153	 2.384185791015625e-07 
500	624	3	268	1505.4989375370246	10.753205128205128	 2.384185791015625e-07 
500	624	3	276	1510.3951337191377	11.076923076923077	 2.384185791015625e-07 
500	624	3	278	1531.9858186619551	9.403846153846153	 2.384185791015625e-07 
500	624	3	277	1517.2325514935342	10.634615384615385	 2.384185791015625e-07 
500	624	3	284	1525.615875791757	10.155448717948717	 4.76837158203125e-07 
500	624	3	282	1507.6445914598382	10.6875	 2.384185791015625e-07 
500	624	3	283	1498.9057731103735	11.216346153846153	 7.152557373046875e-07 
500	624	3	274	1511.1070440437159	10.169871794871796	 2.384185791015625e-07 
500	624	3	281	1529.912526529597	10.352564102564102	 2.384185791015625e-07 
500	624	3	275	1496.0229333983127	10.814102564102564	 4.76837158203125e-07 
500	624	3	279	1509.9133124199936	10.080128205128204	 2.384185791015625e-07 
500	624	3	285	1499.0948050493657	10.674679487179487	 2.384185791015625e-07 
500	624	3	289	1515.8065380517698	9.661858974358974	 2.384185791015625e-07 
500	624	3	290	1498.931851867991	10.570512820512821	 2.384185791015625e-07 
500	624	3	288	1535.4445418987175	10.158653846153847	 2.384185791015625e-07 
500	624	3	293	1550.3780339081004	8.842948717948717	 2.384185791015625e-07 
500	624	3	299	1517.4135191683283	10.155448717948717	 2.384185791015625e-07 
500	624	3	301	1500.3441934033983	10.067307692307692	 7.152557373046875e-07 
500	624	3	292	1519.3315818247343	10.267628205128204	 2.384185791015625e-07 
500	624	3	296	1513.0620448108498	10.120192307692308	 7.152557373046875e-07 
500	624	3	297	1524.7283822564177	10.120192307692308	 2.384185791015625e-07 
500	624	3	295	1515.5345459225505	10.15224358974359	 2.384185791015625e-07 
500	624	3	294	1514.1631829280695	10.314102564102564	 2.384185791015625e-07 
500	624	3	298	1547.01428401256	9.256410256410257	 4.76837158203125e-07 
500	624	3	269	1517.8284336466252	9.998397435897436	 2.384185791015625e-07 
500	624	3	270	1517.7128503512233	10.682692307692308	 2.384185791015625e-07 
500	624	3	271	1506.017237986132	10.059294871794872	 2.384185791015625e-07 
500	624	3	304	1491.835809556236	10.865384615384615	 2.384185791015625e-07 
500	624	3	303	1527.094052867446	10.139423076923077	 7.152557373046875e-07 
500	624	3	306	1515.9264200728048	10.692307692307692	 4.76837158203125e-07 
500	624	3	302	1533.7357724557498	9.467948717948717	 4.76837158203125e-07 
500	624	3	308	1507.7063828264174	10.193910256410257	 4.76837158203125e-07 
500	624	3	309	1517.9232096715878	10.112179487179487	 2.384185791015625e-07 
500	624	3	272	1514.9649127664486	9.951923076923077	 4.76837158203125e-07 
500	624	3	311	1523.9756451183807	9.458333333333334	 2.384185791015625e-07 
500	624	3	310	1500.246580778791	10.636217948717949	 2.384185791015625e-07 
500	624	3	315	1525.1176932753037	9.737179487179487	 2.384185791015625e-07 
500	624	3	313	1521.7227032505612	9.745192307692308	 2.384185791015625e-07 
500	624	3	316	1534.6545575102143	9.758012820512821	 4.76837158203125e-07 
500	624	3	312	1523.6376367810794	9.98397435897436	 4.76837158203125e-07 
500	624	3	320	1549.89977148934	9.791666666666666	 2.384185791015625e-07 
500	624	3	318	1492.0809734358154	10.729166666666666	 4.76837158203125e-07 
500	624	3	317	1514.6739338856833	9.741987179487179	 2.384185791015625e-07 
500	624	3	319	1484.2345015027615	10.65224358974359	 4.76837158203125e-07 
500	624	3	327	1525.0413335749708	10.47275641025641	 2.384185791015625e-07 
500	624	3	323	1499.4522811648017	11.177884615384615	 4.76837158203125e-07 
500	624	3	324	1533.545739944192	10.107371794871796	 2.384185791015625e-07 
500	624	3	326	1554.349626789616	9.431089743589743	 2.384185791015625e-07 
500	624	3	321	1521.9326564928876	9.791666666666666	 2.384185791015625e-07 
500	624	3	325	1502.0145416344317	10.649038461538462	 2.384185791015625e-07 
500	624	3	330	1522.2717629875733	10.697115384615385	 4.76837158203125e-07 
500	624	3	332	1524.6601798575296	9.995192307692308	 4.76837158203125e-07 
500	624	3	334	1545.714610253511	9.512820512820513	 2.384185791015625e-07 
500	624	3	329	1529.871878435479	9.95673076923077	 2.384185791015625e-07 
500	624	3	335	1520.587755769971	10.455128205128204	 2.384185791015625e-07 
500	624	3	331	1515.1199232077	10.375	 4.76837158203125e-07 
500	624	3	338	1528.5188940926425	10.299679487179487	 2.384185791015625e-07 
500	624	3	337	1529.8589491656162	10.169871794871796	 2.384185791015625e-07 
500	624	3	328	1531.1897606802906	9.846153846153847	 4.76837158203125e-07 
500	624	3	333	1523.3491022314631	9.72275641025641	 9.5367431640625e-07 
500	624	3	343	1523.10952755917	10.133012820512821	 4.76837158203125e-07 
500	624	3	345	1514.2326501730513	10.41826923076923	 2.384185791015625e-07 
500	624	3	340	1501.781424906375	10.588141025641026	 2.384185791015625e-07 
500	624	3	341	1512.7139443796984	9.950320512820513	 2.384185791015625e-07 
500	624	3	346	1534.6269886933499	10.41025641025641	 4.76837158203125e-07 
500	624	3	348	1516.4825258827736	10.092948717948717	 4.76837158203125e-07 
500	624	3	354	1491.965971424147	10.716346153846153	 4.76837158203125e-07 
500	624	3	355	1522.252632104412	9.588141025641026	 2.384185791015625e-07 
500	624	3	353	1482.0692228317869	10.9375	 4.76837158203125e-07 
500	624	3	351	1509.1775867758456	10.298076923076923	 2.384185791015625e-07 
500	624	3	352	1531.8417205023898	9.647435897435898	 2.384185791015625e-07 
500	624	3	349	1527.8707849045622	9.439102564102564	 2.384185791015625e-07 
500	624	3	350	1514.4243757229033	10.767628205128204	 2.384185791015625e-07 
500	624	3	360	1541.074999642186	9.761217948717949	 2.384185791015625e-07 
500	624	3	357	1502.5218203103275	11.221153846153847	 2.384185791015625e-07 
500	624	3	356	1514.3496077651462	9.626602564102564	 2.384185791015625e-07 
500	624	3	358	1551.6249844370107	9.381410256410257	 4.76837158203125e-07 
500	624	3	359	1532.7886701565471	9.653846153846153	 2.384185791015625e-07 
500	624	3	362	1552.4390694235487	9.39102564102564	 4.76837158203125e-07 
500	624	3	363	1499.557249987259	10.354166666666666	 2.384185791015625e-07 
500	624	3	361	1533.0322831917804	9.604166666666666	 4.76837158203125e-07 
500	624	3	364	1525.4033798416458	10.10897435897436	 2.384185791015625e-07 
500	624	3	366	1502.1265451666532	10.23397435897436	 2.384185791015625e-07 
500	624	3	367	1526.6566174712018	9.993589743589743	 2.384185791015625e-07 
500	624	3	365	1473.5141919532455	11.29647435897436	 2.384185791015625e-07 
500	624	3	375	1544.6746341636403	10.573717948717949	 4.76837158203125e-07 
500	624	3	370	1504.9607999744544	10.584935897435898	 2.384185791015625e-07 
500	624	3	374	1513.6856382680064	9.979166666666666	 2.384185791015625e-07 
500	624	3	371	1496.5634342698347	11.01602564102564	 2.384185791015625e-07 
500	624	3	377	1499.5712950926115	10.693910256410257	 4.76837158203125e-07 
500	624	3	379	1508.62068110534	10.915064102564102	 7.152557373046875e-07 
500	624	3	376	1502.0004906058527	10.471153846153847	 2.384185791015625e-07 
500	624	3	369	1504.3871474485545	9.908653846153847	 2.384185791015625e-07 
500	624	3	380	1542.1693773660984	9.91025641025641	 2.384185791015625e-07 
500	624	3	372	1490.846303215563	10.594551282051283	 4.76837158203125e-07 
500	624	3	373	1531.3896652398764	10.371794871794872	 2.384185791015625e-07 
500	624	3	368	1498.9152084492623	11.259615384615385	 4.76837158203125e-07 
500	624	3	381	1544.7186425017426	9.90224358974359	 4.76837158203125e-07 
500	624	3	390	1542.349507417001	9.926282051282051	 4.76837158203125e-07 
500	624	3	384	1549.9851785869428	10.314102564102564	 2.384185791015625e-07 
500	624	3	391	1513.5113878117575	10.58974358974359	 2.384185791015625e-07 
500	624	3	388	1510.9900846845446	10.16826923076923	 2.384185791015625e-07 
500	624	3	386	1475.8616411648597	10.798076923076923	 2.384185791015625e-07 
500	624	3	392	1521.4604281222978	10.408653846153847	 4.76837158203125e-07 
500	624	3	393	1499.3568302636018	10.634615384615385	 4.76837158203125e-07 
500	624	3	394	1488.7562984518204	10.39423076923077	 2.384185791015625e-07 
500	624	3	395	1530.9116994553738	9.615384615384615	 2.384185791015625e-07 
500	624	3	383	1532.7374724538738	9.272435897435898	 2.384185791015625e-07 
500	624	3	387	1527.111597717282	10.669871794871796	 4.76837158203125e-07 
500	624	3	398	1520.4289437197067	10.003205128205128	 2.384185791015625e-07 
500	624	3	396	1513.115661957787	9.943910256410257	 4.76837158203125e-07 
500	624	3	397	1540.4589545274669	9.961538461538462	 2.384185791015625e-07 
500	624	3	399	1517.6357990132929	9.767628205128204	 2.384185791015625e-07 
500	624	3	408	1516.9654245119236	10.790064102564102	 2.384185791015625e-07 
500	624	3	401	1499.9769121922639	10.166666666666666	 2.384185791015625e-07 
500	624	3	405	1521.0505514003187	10.100961538461538	 4.76837158203125e-07 
500	624	3	400	1509.0838928477608	10.459935897435898	 2.384185791015625e-07 
500	624	3	403	1554.8853529274274	9.8125	 2.384185791015625e-07 
500	624	3	402	1516.378251358678	9.95352564102564	 2.384185791015625e-07 
500	624	3	406	1508.98893201928	10.439102564102564	 2.384185791015625e-07 
500	624	3	410	1527.713777996969	10.334935897435898	 4.76837158203125e-07 
500	624	3	407	1511.1313673353195	10.637820512820513	 2.384185791015625e-07 
500	624	3	413	1547.2696248484651	10.0625	 2.384185791015625e-07 
500	624	3	414	1527.5387000842295	10.924679487179487	 2.384185791015625e-07 
500	624	3	409	1528.6227796187534	10.173076923076923	 2.384185791015625e-07 
500	624	3	411	1516.8009555285169	10.020833333333334	 2.384185791015625e-07 
500	624	3	412	1502.3344162491173	10.256410256410257	 0.0 
500	624	3	432	1499.8763237938497	10.286858974358974	 4.76837158203125e-07 
500	624	3	433	1524.6926515329533	10.104166666666666	 2.384185791015625e-07 
500	624	3	434	1543.4816960451046	9.879807692307692	 2.384185791015625e-07 
500	624	3	431	1501.2303155198745	10.461538461538462	 2.384185791015625e-07 
500	624	3	435	1515.1288467005706	10.761217948717949	 2.384185791015625e-07 
500	624	3	436	1542.5117576134478	9.775641025641026	 2.384185791015625e-07 
500	624	3	437	1491.945077960935	10.923076923076923	 2.384185791015625e-07 
500	624	3	438	1492.8362081841613	10.775641025641026	 4.76837158203125e-07 
500	624	3	443	1509.7057932668965	10.834935897435898	 2.384185791015625e-07 
500	624	3	440	1540.8641645796392	9.841346153846153	 2.384185791015625e-07 
500	624	3	416	1518.4737209805228	10.657051282051283	 4.76837158203125e-07 
500	624	3	425	1528.7064328852466	10.25	 2.384185791015625e-07 
500	624	3	442	1512.4497887049433	9.977564102564102	 4.76837158203125e-07 
500	624	3	430	1510.2194117211375	10.887820512820513	 4.76837158203125e-07 
500	624	3	419	1540.6792191612865	9.89423076923077	 4.76837158203125e-07 
500	624	3	429	1541.270949494609	9.995192307692308	 2.384185791015625e-07 
500	624	3	415	1525.4812097840284	10.14102564102564	 4.76837158203125e-07 
500	624	3	422	1520.4125828004317	9.538461538461538	 4.76837158203125e-07 
500	624	3	445	1528.129038847967	10.322115384615385	 2.384185791015625e-07 
500	624	3	423	1523.7630650931735	10.395833333333334	 4.76837158203125e-07 
500	624	3	441	1537.1886239684186	9.631410256410257	 2.384185791015625e-07 
500	624	3	427	1554.0290866309704	8.967948717948717	 4.76837158203125e-07 
500	624	3	426	1500.679951225761	10.724358974358974	 4.76837158203125e-07 
500	624	3	420	1526.9809287279925	9.975961538461538	 7.152557373046875e-07 
500	624	3	421	1524.973237244673	9.915064102564102	 2.384185791015625e-07 
500	624	3	428	1530.1417416345662	9.943910256410257	 2.384185791015625e-07 
500	624	3	418	1489.9453641217767	11.115384615384615	 2.384185791015625e-07 
500	624	3	446	1503.5366458429498	10.530448717948717	 2.384185791015625e-07 
500	624	3	447	1544.184265965932	9.814102564102564	 2.384185791015625e-07 
500	624	3	448	1514.8364677722968	10.841346153846153	 7.152557373046875e-07 
500	624	3	457	1532.937560090887	9.506410256410257	 4.76837158203125e-07 
500	624	3	456	1522.5287540478996	10.376602564102564	 4.76837158203125e-07 
500	624	3	454	1509.9709342168587	10.34775641025641	 2.384185791015625e-07 
500	624	3	452	1541.5906684101042	9.998397435897436	 2.384185791015625e-07 
500	624	3	453	1537.5931341479215	9.77724358974359	 2.384185791015625e-07 
500	624	3	461	1563.891181090216	9.395833333333334	 4.76837158203125e-07 
500	624	3	459	1540.833054555774	9.381410256410257	 2.384185791015625e-07 
500	624	3	464	1534.539733976367	9.498397435897436	 2.384185791015625e-07 
500	624	3	463	1506.6063005588207	10.623397435897436	 2.384185791015625e-07 
500	624	3	462	1502.0047469624828	11.065705128205128	 4.76837158203125e-07 
500	624	3	458	1523.1153113278403	10.150641025641026	 2.384185791015625e-07 
500	624	3	460	1501.9465120175298	10.889423076923077	 4.76837158203125e-07 
500	624	3	465	1527.8005211298328	9.570512820512821	 2.384185791015625e-07 
500	624	3	466	1503.9097503554399	10.842948717948717	 7.152557373046875e-07 
500	624	3	477	1510.9896520024572	10.794871794871796	 7.152557373046875e-07 
500	624	3	478	1523.3217121449034	10.705128205128204	 2.384185791015625e-07 
500	624	3	468	1508.4876379087373	10.262820512820513	 2.384185791015625e-07 
500	624	3	469	1510.163481305064	10.907051282051283	 2.384185791015625e-07 
500	624	3	471	1531.8978247382995	10.32852564102564	 2.384185791015625e-07 
500	624	3	475	1502.252258517897	10.599358974358974	 2.384185791015625e-07 
500	624	3	472	1508.999802285593	9.974358974358974	 2.384185791015625e-07 
500	624	3	479	1538.26443102847	9.790064102564102	 2.384185791015625e-07 
500	624	3	467	1561.9113630607158	9.036858974358974	 2.384185791015625e-07 
500	624	3	473	1493.2426851124396	10.469551282051283	 4.76837158203125e-07 
500	624	3	470	1525.689283421934	10.487179487179487	 2.384185791015625e-07 
500	624	3	482	1533.4819783910723	9.525641025641026	 4.76837158203125e-07 
500	624	3	480	1505.969158647143	9.809294871794872	 2.384185791015625e-07 
500	624	3	481	1536.5808990721018	10.040064102564102	 2.384185791015625e-07 
500	624	3	488	1514.7599710786312	9.97275641025641	 2.384185791015625e-07 
500	624	3	489	1524.2911075158777	10.225961538461538	 2.384185791015625e-07 
500	624	3	483	1506.8386207902067	10.246794871794872	 2.384185791015625e-07 
500	624	3	490	1541.003604412241	9.435897435897436	 4.76837158203125e-07 
500	624	3	492	1548.2954908982563	10.057692307692308	 4.76837158203125e-07 
500	624	3	495	1523.4409169639323	9.985576923076923	 4.76837158203125e-07 
500	624	3	493	1514.5890998904802	10.512820512820513	 2.384185791015625e-07 
500	624	3	496	1522.2934631101048	10.866987179487179	 2.384185791015625e-07 
500	624	3	494	1512.9271232573983	10.065705128205128	 4.76837158203125e-07 
500	624	3	497	1518.603796906027	10.408653846153847	 2.384185791015625e-07 
500	624	3	486	1490.3301423085093	10.490384615384615	 2.384185791015625e-07 
500	624	3	487	1541.7066201154446	10.012820512820513	 7.152557373046875e-07 
500	624	3	484	1537.53823663482	9.633012820512821	 4.76837158203125e-07 
