500	232	-1	77	909.4007603437857	909.4007603437856	7.051724137931035
500	232	-1	57	960.1437221430007	960.1437221430007	6.926724137931035
500	232	-1	199	930.8513182422736	930.8513182422736	7.133620689655173
500	232	-1	121	971.5433265811189	971.5433265811189	7.060344827586207
500	232	-1	191	954.2634977896229	954.2634977896229	7.267241379310345
500	232	-1	148	933.0834786845313	933.0834786845313	7.008620689655173
500	232	-1	152	953.2917191569284	953.2917191569284	7.362068965517241
500	232	-1	71	946.1434989749066	946.1434989749066	7.310344827586207
500	232	-1	62	953.4448195580326	953.4448195580326	7.543103448275862
500	232	-1	185	929.759015588875	929.759015588875	7.594827586206897
500	232	-1	83	957.0032158917429	957.0032158917429	7.25
500	232	-1	144	955.3250130467483	955.3250130467483	7.435344827586207
500	232	-1	122	954.8046528242443	954.8046528242443	7.150862068965517
500	232	-1	39	955.2607409792108	955.2607409792108	7.060344827586207
500	232	-1	127	964.2922275331698	964.2922275331698	7.219827586206897
500	232	-1	2	943.3206808051162	943.3206808051162	7.107758620689655
500	232	-1	46	932.5986553707556	932.5986553707556	7.202586206896552
500	232	-1	153	941.2930360819585	941.2930360819585	7.099137931034483
500	232	-1	66	959.248912239395	959.248912239395	7.482758620689655
500	232	-1	151	940.2150021521966	940.2150021521966	7.25
500	232	-1	80	943.2488647609199	943.2488647609199	7.530172413793103
500	232	-1	97	939.986506607135	939.9865066071351	7.443965517241379
500	232	-1	47	963.5366296255849	963.536629625585	7.327586206896552
500	232	-1	58	937.4598041727152	937.459804172715	7.155172413793103
500	232	-1	140	950.9340274439962	950.9340274439961	7.241379310344827
500	232	-1	53	933.3064751613177	933.3064751613177	7.530172413793103
500	232	-1	145	970.5729900747851	970.5729900747851	7.241379310344827
500	232	-1	56	934.7523433569808	934.7523433569808	7.400862068965517
500	232	-1	188	942.5970587485577	942.5970587485577	7.068965517241379
500	232	-1	135	935.6716970206434	935.6716970206434	7.262931034482759
500	232	-1	146	962.8294944053948	962.8294944053948	7.344827586206897
500	232	-1	165	975.09707147646	975.09707147646	7.176724137931035
500	232	-1	73	963.0417238177643	963.0417238177643	7.426724137931035
500	232	-1	129	970.4671330350186	970.4671330350186	7.245689655172414
500	232	-1	183	961.70335502493	961.70335502493	7.185344827586207
500	232	-1	44	946.5274013585762	946.5274013585762	7.163793103448276
500	232	-1	12	949.2095843633199	949.2095843633199	7.564655172413793
500	232	-1	60	954.3518291561056	954.3518291561056	7.344827586206897
500	232	-1	94	955.9007856485306	955.9007856485306	7.064655172413793
500	232	-1	69	942.1317556627282	942.1317556627282	6.780172413793103
500	232	-1	133	951.8517453625094	951.8517453625094	7.168103448275862
500	232	-1	65	962.9641519437752	962.9641519437752	7.211206896551724
500	232	-1	55	956.3170288643769	956.3170288643769	7.521551724137931
500	232	-1	184	903.4577502602508	903.4577502602508	7.4094827586206895
500	232	-1	123	961.8255942673513	961.8255942673513	7.387931034482759
500	232	-1	74	931.4736310813602	931.4736310813603	7.219827586206897
500	232	-1	24	944.0623906361961	944.0623906361961	7.193965517241379
500	232	-1	5	928.7905043294049	928.7905043294049	7.4094827586206895
500	232	-1	138	937.8132647987252	937.8132647987252	7.495689655172414
500	232	-1	134	886.5775995046449	886.5775995046449	6.836206896551724
500	232	-1	38	951.5693006345542	951.5693006345542	7.435344827586207
500	232	-1	50	941.057202872497	941.057202872497	7.379310344827586
500	232	-1	197	959.5159103629578	959.5159103629578	7.176724137931035
500	232	-1	13	965.9865696309729	965.9865696309729	7.508620689655173
500	232	-1	181	905.7242874161844	905.7242874161844	7.443965517241379
500	232	-1	89	949.4927262248697	949.4927262248697	7.228448275862069
500	232	-1	139	941.320167544127	941.320167544127	7.211206896551724
500	232	-1	0	929.1610940164155	929.1610940164155	7.163793103448276
500	232	-1	32	962.2109382284925	962.2109382284925	7.051724137931035
500	232	-1	194	910.4195813851123	910.4195813851123	7.443965517241379
500	232	-1	31	924.6934872045921	924.6934872045921	7.366379310344827
500	232	-1	126	959.8760513725783	959.8760513725783	7.202586206896552
500	232	-1	131	946.4985871484805	946.4985871484805	7.344827586206897
500	232	-1	63	926.0753295365956	926.0753295365956	7.125
500	232	-1	186	968.1549571543129	968.1366305164104	7.357758620689655
500	232	-1	45	959.3114607345163	959.3114607345163	7.280172413793103
500	232	-1	196	953.2686382852444	953.2686382852444	7.146551724137931
500	232	-1	109	950.4369484914778	950.4369484914778	7.306034482758621
500	232	-1	115	965.1652368338522	965.1652368338522	7.1594827586206895
500	232	-1	124	941.8258704574661	941.8258704574661	7.448275862068965
500	232	-1	7	948.5174183124689	948.5174183124689	7.254310344827586
500	232	-1	193	942.4189972713737	942.4189972713737	7.271551724137931
500	232	-1	147	965.8161593177098	965.8161593177098	7.2844827586206895
500	232	-1	104	940.1687292025432	940.1687292025431	7.258620689655173
500	232	-1	154	930.9279094387193	930.9279094387193	7.146551724137931
500	232	-1	40	961.8098822192069	961.8098822192069	7.189655172413793
500	232	-1	51	953.763314690105	953.763314690105	6.913793103448276
500	232	-1	106	941.0253582147061	941.0253582147061	7.474137931034483
500	232	-1	10	959.4431992293818	959.4431992293818	7.456896551724138
500	232	-1	102	953.9371551138655	953.9371551138655	7.176724137931035
500	232	-1	54	933.3017075807436	933.3017075807436	7.077586206896552
500	232	-1	87	958.4735818775497	958.4735818775497	7.2155172413793105
500	232	-1	88	936.8177311097355	936.8177311097355	7.327586206896552
500	232	-1	15	946.8904264049925	946.8904264049925	7.383620689655173
500	232	-1	6	935.219493535246	935.219493535246	7.375
500	232	-1	34	949.8800711118789	949.8800711118789	7.202586206896552
500	232	-1	29	931.8404313948146	931.8404313948146	7.116379310344827
500	232	-1	86	975.7085388626354	975.7085388626354	7.556034482758621
500	232	-1	16	953.303468144204	953.303468144204	7.237068965517241
500	232	-1	180	942.891116823025	942.8911168230248	7.314655172413793
500	232	-1	142	930.1442391293066	930.1442391293066	7.349137931034483
500	232	-1	182	969.6585307966263	969.6585307966263	7.120689655172414
500	232	-1	169	961.0395664131777	961.0395664131777	7.094827586206897
500	232	-1	78	960.8512725994987	960.8512725994987	7.241379310344827
500	232	-1	119	942.8796732612418	942.8796732612418	7.099137931034483
500	232	-1	67	917.2635801716469	917.2635801716469	7.017241379310345
500	232	-1	84	957.2334962045367	957.2334962045367	7.146551724137931
500	232	-1	103	937.4757383102025	937.4757383102025	7.400862068965517
500	232	-1	128	936.9489851244861	936.9489851244861	7.094827586206897
500	232	-1	164	936.9006692252678	936.9006692252678	7.4094827586206895
500	232	-1	98	970.134696034288	970.134696034288	7.314655172413793
500	232	-1	3	940.4820224474797	940.4820224474797	7.232758620689655
500	232	-1	28	989.6878037728419	989.6878037728419	7.155172413793103
500	232	-1	36	940.5101962956782	940.5101962956782	7.362068965517241
500	232	-1	137	953.2316807174662	953.2316807174662	7.306034482758621
500	232	-1	160	926.5952453166578	926.5952453166578	7.573275862068965
500	232	-1	100	960.2615119551997	960.2615119551997	7.168103448275862
500	232	-1	136	942.7802080841448	942.7802080841446	7.689655172413793
500	232	-1	17	915.2068088976921	915.2068088976921	7.650862068965517
500	232	-1	48	935.6283906508652	935.6283906508652	7.193965517241379
500	232	-1	52	919.4090254788774	919.4090254788774	7.646551724137931
500	232	-1	101	964.746961646231	964.746961646231	7.418103448275862
500	232	-1	41	946.7496607955603	946.7496607955603	7.237068965517241
500	232	-1	91	925.4151153958995	925.4151153958995	7.176724137931035
500	232	-1	43	934.325065738646	934.325065738646	7.336206896551724
500	232	-1	26	960.4061740233457	960.4061740233457	7.327586206896552
500	232	-1	30	946.3503335969173	946.3503335969173	7.202586206896552
500	232	-1	176	941.7949300929089	941.7949300929089	7.344827586206897
500	232	-1	82	954.1077176287523	954.1077176287523	7.103448275862069
500	232	-1	163	961.17954116984	961.17954116984	7.353448275862069
500	232	-1	189	963.4315213351427	963.4315213351427	7.219827586206897
500	232	-1	143	935.1527394521225	935.1527394521225	7.237068965517241
500	232	-1	120	952.7855907078462	952.7855907078462	7.060344827586207
500	232	-1	42	964.7919844459801	964.7919844459801	7.181034482758621
500	232	-1	4	925.9693312969918	925.9693312969918	7.5344827586206895
500	232	-1	61	939.8048209175522	939.8048209175522	7.331896551724138
500	232	-1	93	949.5191697791336	949.5191697791336	7.254310344827586
500	232	-1	92	950.903469379495	950.903469379495	7.142241379310345
500	232	-1	49	966.0468356971751	966.0468356971751	7.211206896551724
500	232	-1	76	949.0336268232113	949.0336268232113	7.336206896551724
500	232	-1	90	951.9377129976086	951.9377129976087	7.353448275862069
500	232	-1	166	925.5646272085642	925.5646272085642	7.357758620689655
500	232	-1	179	938.9790817541995	938.9790817541993	7.375
500	232	-1	105	949.6902757910084	949.6902757910084	7.172413793103448
500	232	-1	23	936.9815271438355	936.9815271438355	7.228448275862069
500	232	-1	107	972.6847831286938	972.6847831286939	7.327586206896552
500	232	-1	85	944.7521786080126	944.7521786080126	7.125
500	232	-1	96	967.1527749986335	967.1527749986335	7.262931034482759
500	232	-1	187	973.4183240485742	973.4183240485742	7.439655172413793
500	232	-1	108	944.9884729517506	944.9884729517506	7.426724137931035
500	232	-1	1	954.2627645031367	954.2627645031367	7.2155172413793105
500	232	-1	59	942.8639969910757	942.8639969910757	7.452586206896552
500	232	-1	159	966.87969089404	966.87969089404	7.068965517241379
500	232	-1	198	938.32015706171	938.3201570617101	7.0344827586206895
500	232	-1	167	956.9455781625453	956.9455781625453	7.336206896551724
500	232	-1	22	936.4224806145146	936.4224806145146	7.586206896551724
500	232	-1	21	958.8572311275962	958.8572311275962	7.202586206896552
500	232	-1	68	948.5440795884847	948.5440795884847	7.094827586206897
500	232	-1	81	957.4372346160334	957.4372346160334	7.25
500	232	-1	113	936.4639513502101	936.4639513502101	7.3405172413793105
500	232	-1	27	942.0368117752425	942.0368117752425	7.129310344827586
500	232	-1	157	955.2656738818905	955.2656738818905	7.422413793103448
500	232	-1	75	944.4662380758093	944.4662380758093	7.538793103448276
500	232	-1	175	892.4223933231659	892.4223933231659	7.245689655172414
500	232	-1	170	935.8995365398832	935.8995365398832	7.318965517241379
500	232	-1	99	942.7029399056241	942.7029399056241	6.724137931034483
500	232	-1	192	956.505533160518	956.505533160518	7.116379310344827
500	232	-1	168	940.2788727708277	940.2788727708278	7.099137931034483
500	232	-1	110	974.2297651581499	974.2297651581499	7.168103448275862
500	232	-1	35	959.9625337062855	959.9625337062855	7.2844827586206895
500	232	-1	70	910.7930435235772	910.7930435235772	7.181034482758621
500	232	-1	114	953.9286419337842	953.9286419337842	7.176724137931035
500	232	-1	190	950.4051636629501	950.4051636629501	7.081896551724138
500	232	-1	174	948.4818976837165	948.4818976837165	7.280172413793103
500	232	-1	37	965.6228865382908	965.6228865382909	7.232758620689655
500	232	-1	112	943.1353530086616	943.1353530086616	7.112068965517241
500	232	-1	130	968.0756824523835	968.0756824523835	7.112068965517241
500	232	-1	19	934.2021873195464	934.2021873195464	7.241379310344827
500	232	-1	95	943.6880113526693	943.6880113526693	7.357758620689655
500	232	-1	33	963.8185016586016	963.8185016586017	7.331896551724138
500	232	-1	64	996.0051396987726	996.0051396987726	7.267241379310345
500	232	-1	156	945.6752442923856	945.6752442923856	7.280172413793103
500	232	-1	132	968.7820689440389	968.7820689440389	7.163793103448276
500	232	-1	117	973.8825070187979	973.8825070187979	7.168103448275862
500	232	-1	161	969.7874346313156	969.7874346313156	7.288793103448276
500	232	-1	8	962.2487734171887	962.2487734171887	7.193965517241379
500	232	-1	125	957.2811747707935	957.2811747707935	7.043103448275862
500	232	-1	141	940.8165107719318	940.8165107719318	7.2844827586206895
500	232	-1	11	933.0153971782794	933.0153971782794	7.512931034482759
500	232	-1	25	958.0242217980244	958.0242217980244	7.189655172413793
500	232	-1	173	967.781191260657	967.781191260657	7.245689655172414
500	232	-1	178	930.1340941059046	930.1340941059046	7.021551724137931
500	232	-1	149	954.23506848486	954.23506848486	7.262931034482759
500	232	-1	177	928.9895894959425	928.9895894959425	7.241379310344827
500	232	-1	14	939.9775312196791	939.9775312196791	7.310344827586207
500	232	-1	116	930.0886822401233	930.0886822401233	7.232758620689655
500	232	-1	111	946.0092802301347	946.0092802301347	7.396551724137931
500	232	-1	171	960.3709472507496	960.3709472507496	7.275862068965517
500	232	-1	18	961.195880416138	961.195880416138	7.474137931034483
500	232	-1	79	927.9636150294489	927.9636150294489	7.0905172413793105
500	232	-1	20	968.6480326149792	968.6480326149792	7.556034482758621
500	232	-1	172	945.5845793058144	945.5845793058144	7.366379310344827
500	232	-1	162	940.3240259732727	940.3240259732727	7.224137931034483
500	232	-1	118	962.3813134265384	962.3813134265384	7.400862068965517
500	232	-1	158	950.5402081609741	950.5402081609741	7.366379310344827
500	232	-1	9	979.9630590669457	979.9630590669457	7.2844827586206895
500	232	-1	155	958.3552542101473	958.3552542101473	7.116379310344827
500	232	-1	72	958.3666577929422	958.3666577929422	7.241379310344827
