500	934	3	65	2195.012786782308	7.12847965738758	0.04164838790893555
500	934	3	134	2172.8712566311087	6.980728051391863	0.04046225547790527
500	934	3	57	2174.1191199147247	6.981798715203426	0.04002094268798828
500	934	3	129	2183.4360821241867	7.0139186295503215	0.04049825668334961
500	934	3	5	2181.054452019561	7.035331905781584	0.041670799255371094
500	934	3	47	2193.4067520606413	7.1338329764453965	0.04127144813537598
500	934	3	54	2178.2763213852427	7.024625267665953	0.04038834571838379
500	934	3	140	2183.819478446278	7.04710920770878	0.04030299186706543
500	934	3	197	2176.397132635398	7.036402569593148	0.04067587852478027
500	934	3	36	2180.9905097074316	7.06745182012848	0.04030323028564453
500	934	3	148	2183.251453517794	7.077087794432548	0.04138612747192383
500	934	3	73	2195.6129552833486	7.174518201284797	0.04204607009887695
500	934	3	119	2176.9838058734877	7.009635974304069	0.04047250747680664
500	934	3	2	2186.76722922437	7.085653104925053	0.041997432708740234
500	934	3	183	2187.4148306942266	7.153104925053533	0.041478633880615234
500	934	3	74	2180.336354738794	7.0610278372591	0.04099154472351074
500	934	3	199	2187.801190642872	7.127408993576017	0.04065752029418945
500	934	3	10	2189.826464032425	7.1488222698072805	0.0426025390625
500	934	3	70	2176.778136266801	7.028907922912206	0.04090452194213867
500	934	3	4	2194.374060725448	7.183083511777302	0.04296875
500	934	3	130	2184.9253161847873	7.10813704496788	0.04105186462402344
500	934	3	76	2182.805494573753	7.06745182012848	0.040975093841552734
500	934	3	13	2185.476672373784	7.085653104925053	0.042745113372802734
500	934	3	49	2194.295497771616	7.115631691648822	0.04110431671142578
500	934	3	133	2174.6238329203557	7.018201284796574	0.04100489616394043
500	934	3	189	2178.4272119038824	7.06423982869379	0.04131364822387695
500	934	3	64	2191.412334731762	7.114561027837259	0.04188680648803711
500	934	3	37	2177.109203248249	7.024625267665953	0.04094672203063965
500	934	3	22	2191.3854020148465	7.1338329764453965	0.04349851608276367
500	934	3	135	2166.2922118907914	6.996788008565311	0.040567636489868164
500	934	3	38	2201.883709984593	7.182012847965739	0.04234910011291504
500	934	3	48	2175.3067781851864	6.998929336188437	0.04073643684387207
500	934	3	151	2187.3908866429815	7.08779443254818	0.041979312896728516
500	934	3	144	2191.619987560511	7.1413276231263385	0.04149222373962402
500	934	3	51	2178.2868044020415	7.012847965738758	0.04060006141662598
500	934	3	178	2196.6449289492393	7.12847965738758	0.042594194412231445
500	934	3	169	2190.1855832465294	7.099571734475375	0.04362201690673828
500	934	3	156	2185.1016356566856	7.070663811563169	0.04336833953857422
500	934	3	107	2178.335743964502	7.050321199143469	0.042871713638305664
500	934	3	56	2186.437977301209	7.078158458244111	0.041784048080444336
500	934	3	192	2181.109482165836	7.035331905781584	0.040547847747802734
500	934	3	30	2182.3503022157206	7.0685224839400425	0.0413057804107666
500	934	3	27	2177.0401905328736	6.991434689507495	0.04070115089416504
500	934	3	87	2185.3396170564056	7.12847965738758	0.04263567924499512
500	934	3	31	2186.3539762459363	7.094218415417559	0.041803836822509766
500	934	3	147	2191.245164535735	7.10813704496788	0.04092144966125488
500	934	3	53	2189.5290156705937	7.092077087794433	0.04118824005126953
500	934	3	7	2187.725760101206	7.055674518201285	0.04758119583129883
500	934	3	58	2180.261579930295	7.028907922912206	0.04183316230773926
500	934	3	131	2186.78446903576	7.082441113490364	0.04078960418701172
500	934	3	126	2180.9706230390016	7.035331905781584	0.04168248176574707
500	934	3	52	2187.144404927514	7.129550321199144	0.04139900207519531
500	934	3	181	2183.18731619991	7.0513918629550325	0.04155325889587402
500	934	3	186	2159.3807381082197	6.95289079229122	0.04035139083862305
500	934	3	39	2189.3117709193234	7.132762312633833	0.04203224182128906
500	934	3	81	2182.6800996985007	7.0588865096359745	0.04126381874084473
500	934	3	45	2193.3788681347214	7.118843683083512	0.04219937324523926
500	934	3	89	2157.7409468277133	6.958244111349036	0.04454374313354492
500	934	3	123	2192.4519501164586	7.13169164882227	0.04236030578613281
500	934	3	93	2199.3550672480196	7.230192719486081	0.04250812530517578
500	934	3	86	2189.32987401039	7.125267665952891	0.04219937324523926
500	934	3	71	2192.1253570467256	7.117773019271948	0.04098939895629883
500	934	3	61	2178.520542424842	7.003211991434689	0.040160417556762695
500	934	3	23	2169.5101009570067	6.977516059957173	0.042046546936035156
500	934	3	196	2195.9511884434482	7.170235546038544	0.04130959510803223
500	934	3	82	2192.001924770425	7.085653104925053	0.0409085750579834
500	934	3	185	2191.8040429293924	7.158458244111349	0.0421297550201416
500	934	3	3	2164.3262270249325	6.937901498929336	0.045131683349609375
500	934	3	120	2175.1000300579526	7.016059957173447	0.04028582572937012
500	934	3	46	2165.863760247884	6.983940042826553	0.04049944877624512
500	934	3	141	2178.270512173405	6.996788008565311	0.03976726531982422
500	934	3	193	2193.9698096712373	7.124197002141328	0.04133272171020508
500	934	3	112	2196.5143011665155	7.153104925053533	0.041474342346191406
500	934	3	145	2181.642882929248	7.054603854389722	0.04061317443847656
500	934	3	164	2177.185517444777	7.02676659528908	0.04220461845397949
500	934	3	68	2189.5686783627675	7.105995717344753	0.04172015190124512
500	934	3	63	2177.72329227559	7.050321199143469	0.04131603240966797
500	934	3	40	2183.1095523294507	7.0685224839400425	0.040953636169433594
500	934	3	182	2192.5592943300594	7.132762312633833	0.04170727729797363
500	934	3	21	2180.595901759388	7.062098501070664	0.04157662391662598
500	934	3	66	2200.6648646607414	7.167023554603855	0.041396141052246094
500	934	3	127	2170.443289619822	6.971092077087794	0.0404510498046875
500	934	3	32	2188.7292318589593	7.1338329764453965	0.04159283638000488
500	934	3	67	2154.630944922088	6.900428265524625	0.03919029235839844
500	934	3	99	2179.96441795706	7.019271948608137	0.045935630798339844
500	934	3	105	2183.1730406940915	7.0406852248394	0.04080677032470703
500	934	3	8	2193.1494273823982	7.13169164882227	0.044672489166259766
500	934	3	44	2182.15672909826	7.049250535331906	0.041306257247924805
500	934	3	62	2201.1387649778494	7.1788008565310495	0.041718482971191406
500	934	3	166	2170.6163421394976	7.035331905781584	0.04235219955444336
500	934	3	125	2167.973905122116	6.993576017130621	0.04093647003173828
500	934	3	198	2180.487868799891	7.0513918629550325	0.04043245315551758
500	934	3	78	2161.309867103594	6.908993576017131	0.03985786437988281
500	934	3	59	2202.244595036686	7.169164882226981	0.0417783260345459
500	934	3	176	2190.8569289498523	7.116702355460386	0.04223299026489258
500	934	3	0	2182.370479373381	7.06745182012848	0.045859336853027344
500	934	3	43	2190.8981359993236	7.088865096359743	0.041892051696777344
500	934	3	88	2172.679385820736	6.990364025695931	0.0400698184967041
500	934	3	29	2188.6321140423665	7.0963597430406855	0.040941476821899414
500	934	3	121	2181.455280293819	7.059957173447537	0.04223155975341797
500	934	3	14	2198.429530136834	7.164882226980728	0.045885324478149414
500	934	3	77	2165.8387548016613	6.963597430406852	0.04011869430541992
500	934	3	104	2185.6889802441656	7.073875802997859	0.0423130989074707
500	934	3	194	2190.789168249572	7.12847965738758	0.04154348373413086
500	934	3	69	2170.909492414586	6.970021413276231	0.040246009826660156
500	934	3	12	2190.7304374076525	7.122055674518201	0.04328656196594238
500	934	3	139	2194.5661091488155	7.125267665952891	0.04123258590698242
500	934	3	173	2189.066124999872	7.12847965738758	0.04646039009094238
500	934	3	96	2181.4074628622056	7.037473233404711	0.040557861328125
500	934	3	17	2187.944612124672	7.084582441113491	0.043468475341796875
500	934	3	122	2184.6209464666345	7.078158458244111	0.0413210391998291
500	934	3	103	2194.0617331254743	7.127408993576017	0.043041229248046875
500	934	3	163	2186.8130029491485	7.157387580299786	0.04272913932800293
500	934	3	146	2197.844177238671	7.158458244111349	0.04130673408508301
500	934	3	110	2185.8354321825386	7.057815845824411	0.04198193550109863
500	934	3	101	2184.3426802149625	7.094218415417559	0.0421903133392334
500	934	3	138	2177.636402395591	7.016059957173447	0.04041743278503418
500	934	3	25	2176.04381973942	7.04710920770878	0.040853023529052734
500	934	3	106	2194.7431828768417	7.17237687366167	0.04256558418273926
500	934	3	115	2191.3747852546226	7.124197002141328	0.041222333908081055
500	934	3	170	2186.5555915876794	7.083511777301927	0.0442965030670166
500	934	3	98	2187.7616598525533	7.086723768736617	0.04283642768859863
500	934	3	34	2191.436297075939	7.130620985010706	0.04043698310852051
500	934	3	11	2200.672852874371	7.155246252676659	0.04324078559875488
500	934	3	24	2200.0272439525124	7.165952890792291	0.041294097900390625
500	934	3	179	2194.413590460685	7.122055674518201	0.04249429702758789
500	934	3	28	2173.8619039177147	7.037473233404711	0.040160179138183594
500	934	3	97	2198.3421357393163	7.153104925053533	0.04265761375427246
500	934	3	165	2182.488275093008	7.0203426124197	0.04170966148376465
500	934	3	1	2171.392917769494	7.012847965738758	0.04535818099975586
500	934	3	20	2194.920857889554	7.1413276231263385	0.04183650016784668
500	934	3	60	2186.0308335590908	7.062098501070664	0.040981292724609375
500	934	3	191	2188.8266211567516	7.059957173447537	0.04196953773498535
500	934	3	154	2169.1488073599285	6.997858672376874	0.042804718017578125
500	934	3	102	2182.592611736703	7.097430406852248	0.0425875186920166
500	934	3	16	2192.224769548867	7.114561027837259	0.04462885856628418
500	934	3	109	2190.3149459140523	7.122055674518201	0.04211068153381348
500	934	3	143	2188.1217091208523	7.107066381156317	0.04116249084472656
500	934	3	142	2183.568014309296	7.080299785867238	0.040405988693237305
500	934	3	188	2163.2205452923004	6.964668094218416	0.04063153266906738
500	934	3	175	2181.7363702587527	6.997858672376874	0.045549631118774414
500	934	3	90	2199.2755211124004	7.1713062098501075	0.043588876724243164
500	934	3	153	2158.6732050227633	6.944325481798715	0.04130744934082031
500	934	3	6	2171.7858377882194	6.998929336188437	0.040426015853881836
500	934	3	92	2177.366030993886	7.06423982869379	0.043509483337402344
500	934	3	26	2186.3541689903727	7.077087794432548	0.042658329010009766
500	934	3	152	2195.7869067363295	7.123126338329764	0.04156303405761719
500	934	3	83	2191.024873198606	7.105995717344753	0.043105125427246094
500	934	3	111	2186.5846519147326	7.085653104925053	0.04155373573303223
500	934	3	174	2182.9392591029664	7.0588865096359745	0.04573822021484375
500	934	3	177	2188.0122637677296	7.088865096359743	0.04265546798706055
500	934	3	35	2177.819433623687	7.0663811563169165	0.041231632232666016
500	934	3	160	2194.9597977061303	7.112419700214133	0.04483318328857422
500	934	3	94	2187.529647462638	7.116702355460386	0.04152393341064453
500	934	3	42	2188.969110981173	7.150963597430406	0.04195237159729004
500	934	3	190	2185.650238732613	7.0588865096359745	0.040819644927978516
500	934	3	50	2189.0738807021503	7.13169164882227	0.041596412658691406
500	934	3	118	2198.822909182749	7.168094218415417	0.04224061965942383
500	934	3	95	2167.0093148753235	6.9593147751606	0.04045844078063965
500	934	3	117	2182.1895930898054	7.050321199143469	0.040885210037231445
500	934	3	136	2203.0093792813727	7.215203426124197	0.041550397872924805
500	934	3	167	2202.7757934065703	7.198072805139186	0.043001413345336914
500	934	3	55	2198.2999091513243	7.132762312633833	0.04137396812438965
500	934	3	168	2184.2636633293155	7.093147751605995	0.04253792762756348
500	934	3	137	2200.8267713533505	7.147751605995717	0.04179549217224121
500	934	3	187	2207.6769332673225	7.244111349036403	0.04255938529968262
500	934	3	116	2190.4561319023614	7.15203426124197	0.04182720184326172
500	934	3	124	2210.1992337780484	7.229122055674519	0.042710304260253906
500	934	3	85	2183.79533394418	7.072805139186295	0.0413210391998291
500	934	3	113	2176.2648821872017	7.019271948608137	0.04112553596496582
500	934	3	155	2191.113802841664	7.099571734475375	0.04337882995605469
500	934	3	19	2188.5024060036512	7.120985010706638	0.04249429702758789
500	934	3	18	2189.822893509331	7.1038543897216275	0.042840003967285156
500	934	3	33	2185.416514128489	7.070663811563169	0.0405275821685791
500	934	3	91	2180.0138939408494	7.050321199143469	0.04403233528137207
500	934	3	159	2210.686077811872	7.245182012847966	0.04458189010620117
500	934	3	41	2188.4835201180126	7.097430406852248	0.041839599609375
500	934	3	15	2197.3206688099317	7.132762312633833	0.04437136650085449
500	934	3	149	2187.0811061113495	7.147751605995717	0.041907548904418945
500	934	3	79	2183.566331307035	7.044967880085653	0.04187464714050293
500	934	3	161	2172.0575677864526	6.982869379014989	0.04346776008605957
500	934	3	84	2174.9965398014265	7.038543897216274	0.03994107246398926
500	934	3	171	2182.048173464652	7.049250535331906	0.04274868965148926
500	934	3	184	2195.6313767555444	7.127408993576017	0.04176187515258789
500	934	3	100	2179.5270004696445	7.033190578158458	0.04193234443664551
500	934	3	132	2195.128307481937	7.1413276231263385	0.04137301445007324
500	934	3	157	2217.0974363897335	7.278372591006424	0.04343533515930176
500	934	3	108	2182.640630367349	7.13169164882227	0.04054713249206543
