500	624	-1	134	1511.3321359781226	10.51602564102564
500	624	-1	197	1511.3544461969964	11.541666666666666
500	624	-1	183	1557.2114465092768	10.868589743589743
500	624	-1	5	1509.4085906318978	11.342948717948717
500	624	-1	49	1507.0955553617985	11.621794871794872
500	624	-1	57	1522.077386068378	11.621794871794872
500	624	-1	148	1514.1231584206967	11.052884615384615
500	624	-1	129	1537.5118037734844	11.091346153846153
500	624	-1	185	1550.124750856215	10.79326923076923
500	624	-1	4	1516.467840545126	11.966346153846153
500	624	-1	73	1517.840657369478	11.76602564102564
500	624	-1	144	1512.3410527253945	11.705128205128204
500	624	-1	119	1506.3909750775474	10.91826923076923
500	624	-1	87	1555.5194984634006	10.650641025641026
500	624	-1	196	1521.7636665116358	11.378205128205128
500	624	-1	65	1517.652632421548	10.963141025641026
500	624	-1	193	1508.8966990789813	11.84775641025641
500	624	-1	46	1531.7875094776757	9.748397435897436
500	624	-1	169	1529.8482870927774	11.315705128205128
500	624	-1	120	1521.3023378358644	10.306089743589743
500	624	-1	199	1531.7298838109443	10.70673076923077
500	624	-1	71	1532.4986788382953	11.153846153846153
500	624	-1	192	1512.9889895062709	11.107371794871796
500	624	-1	36	1518.7415462385882	11.118589743589743
500	624	-1	151	1538.9656302457372	11.290064102564102
500	624	-1	51	1509.0380950604035	11.767628205128204
500	624	-1	70	1501.1978401143763	11.89102564102564
500	624	-1	10	1540.7103130482478	11.51923076923077
500	624	-1	58	1507.4027104841293	11.254807692307692
500	624	-1	74	1541.6720725454443	10.79326923076923
500	624	-1	181	1520.641776954227	11.834935897435898
500	624	-1	54	1537.6872620568706	10.701923076923077
500	624	-1	41	1551.4817820668018	10.503205128205128
500	624	-1	133	1523.778658395923	11.264423076923077
500	624	-1	67	1523.2305506800803	10.740384615384615
500	624	-1	76	1506.3631340554814	11.90224358974359
500	624	-1	52	1515.473682442883	11.966346153846153
500	624	-1	64	1530.6902270465125	11.435897435897436
500	624	-1	47	1520.1658572258875	11.123397435897436
500	624	-1	38	1546.9249704301483	11.253205128205128
500	624	-1	105	1518.7579116229485	11.088141025641026
500	624	-1	121	1522.2933194688437	11.116987179487179
500	624	-1	194	1528.164576789102	11.067307692307692
500	624	-1	13	1526.5745215778452	11.424679487179487
500	624	-1	164	1497.7298138115036	11.89423076923077
500	624	-1	135	1500.0925342914995	11.185897435897436
500	624	-1	69	1533.5838731904469	10.45352564102564
500	624	-1	131	1539.8514746063008	11.403846153846153
500	624	-1	130	1549.7367937303075	11.560897435897436
500	624	-1	23	1507.7022240507579	11.504807692307692
500	624	-1	89	1509.5854811211718	10.923076923076923
500	624	-1	0	1526.7783973234718	11.419871794871796
500	624	-1	29	1531.01379430778	11.299679487179487
500	624	-1	82	1558.528884833846	9.75
500	624	-1	127	1528.6868461276244	10.746794871794872
500	624	-1	63	1534.1044961806117	12.08173076923077
500	624	-1	78	1531.9768331989121	11.458333333333334
500	624	-1	93	1533.415595458557	11.544871794871796
500	624	-1	182	1552.9752504000214	10.64102564102564
500	624	-1	21	1535.720430549871	11.939102564102564
500	624	-1	53	1505.5060869365134	12.059294871794872
500	624	-1	34	1557.7188720804095	10.02724358974359
500	624	-1	7	1509.5496987092235	11.121794871794872
500	624	-1	163	1537.5714613972223	10.631410256410257
500	624	-1	3	1512.4229693542798	11.116987179487179
500	624	-1	112	1537.65721366136	11.357371794871796
500	624	-1	140	1513.824723860483	11.379807692307692
500	624	-1	147	1549.240460243731	11.690705128205128
500	624	-1	145	1525.7889727916233	11.0
500	624	-1	31	1515.6451899445883	11.123397435897436
500	624	-1	37	1506.7358308651494	11.45352564102564
500	624	-1	12	1532.6801733218392	10.990384615384615
500	624	-1	81	1521.3054027372186	11.16826923076923
500	624	-1	123	1552.677737036623	10.381410256410257
500	624	-1	60	1550.3489861978592	10.51602564102564
500	624	-1	8	1518.9611225454541	11.681089743589743
500	624	-1	109	1545.9564192367309	10.408653846153847
500	624	-1	66	1534.347324013692	12.030448717948717
500	624	-1	156	1543.6343763284026	10.676282051282051
500	624	-1	39	1529.6091649178793	11.08974358974359
500	624	-1	143	1552.7125085314538	11.116987179487179
500	624	-1	1	1521.201814645758	11.219551282051283
500	624	-1	178	1520.043313385519	10.958333333333334
500	624	-1	106	1528.417895592664	11.70352564102564
500	624	-1	99	1546.5189992613127	10.96474358974359
500	624	-1	107	1517.2583908821446	10.663461538461538
500	624	-1	179	1528.4486834222341	11.801282051282051
500	624	-1	30	1543.470850556012	10.772435897435898
500	624	-1	86	1508.745320424176	12.100961538461538
500	624	-1	176	1521.4699384395858	12.125
500	624	-1	27	1517.3384020825927	11.3125
500	624	-1	141	1532.5819532892194	11.323717948717949
500	624	-1	11	1548.7422394191049	11.179487179487179
500	624	-1	139	1533.9558767031313	11.23076923076923
500	624	-1	17	1523.7160084271372	11.10897435897436
500	624	-1	77	1518.2559002641017	11.344551282051283
500	624	-1	61	1525.8294864213458	11.461538461538462
500	624	-1	59	1529.62946141843	11.575320512820513
500	624	-1	142	1509.8242031277234	11.445512820512821
500	624	-1	48	1547.8030929727606	10.987179487179487
500	624	-1	110	1522.7826568683931	12.113782051282051
500	624	-1	146	1550.6351336042558	10.258012820512821
500	624	-1	43	1534.3029067260939	11.150641025641026
500	624	-1	45	1533.7585819690696	11.192307692307692
500	624	-1	68	1508.9741555221349	11.134615384615385
500	624	-1	88	1507.3295127735694	11.528846153846153
500	624	-1	188	1513.0766295830388	11.844551282051283
500	624	-1	126	1513.2930379400977	11.580128205128204
500	624	-1	175	1523.8434649695123	11.16025641025641
500	624	-1	56	1546.1617472543446	11.051282051282051
500	624	-1	186	1532.4002195860771	11.362179487179487
500	624	-1	103	1487.9293095131977	12.057692307692308
500	624	-1	115	1515.1782988353089	11.596153846153847
500	624	-1	111	1521.77264183378	11.881410256410257
500	624	-1	2	1546.1180126926456	10.748397435897436
500	624	-1	189	1538.3530416168956	10.538461538461538
500	624	-1	32	1555.5179262548427	10.051282051282051
500	624	-1	160	1477.2463872292703	11.573717948717949
500	624	-1	102	1531.1538817262833	11.025641025641026
500	624	-1	122	1539.2813053763264	10.948717948717949
500	624	-1	24	1561.0299492082452	11.48397435897436
500	624	-1	154	1525.234774197182	11.75
500	624	-1	22	1526.3875093933475	11.270833333333334
500	624	-1	40	1534.4504464708784	10.886217948717949
500	624	-1	173	1533.372165118886	11.461538461538462
500	624	-1	28	1517.5375432950236	11.482371794871796
500	624	-1	83	1515.3934379434731	11.860576923076923
500	624	-1	62	1510.3347063709427	11.955128205128204
500	624	-1	42	1524.0465135468264	11.504807692307692
500	624	-1	14	1536.107024153109	11.939102564102564
500	624	-1	90	1517.8971493835056	11.541666666666666
500	624	-1	44	1491.8291059624441	11.948717948717949
500	624	-1	165	1541.2924293463896	10.66826923076923
500	624	-1	191	1564.249478807206	10.405448717948717
500	624	-1	166	1512.7660497648267	10.572115384615385
500	624	-1	50	1516.7145049386493	10.806089743589743
500	624	-1	16	1528.6635916918865	11.823717948717949
500	624	-1	198	1546.237784256511	10.633012820512821
500	624	-1	170	1544.1538019211894	10.802884615384615
500	624	-1	97	1501.69021487837	11.362179487179487
500	624	-1	94	1523.9292380240065	11.445512820512821
500	624	-1	104	1533.929818411407	11.003205128205128
500	624	-1	95	1528.537859023365	10.568910256410257
500	624	-1	55	1517.9405885034685	11.801282051282051
500	624	-1	26	1518.0879915616442	10.924679487179487
500	624	-1	19	1517.0478870368909	12.224358974358974
500	624	-1	25	1534.843780241027	10.629807692307692
500	624	-1	136	1527.0487721444163	12.161858974358974
500	624	-1	138	1529.064850904694	11.038461538461538
500	624	-1	101	1523.3478440015006	12.177884615384615
500	624	-1	132	1535.143922071731	11.774038461538462
500	624	-1	190	1518.7356277260765	11.943910256410257
500	624	-1	6	1529.817677467362	11.503205128205128
500	624	-1	92	1510.1968483716532	11.618589743589743
500	624	-1	91	1524.3813302298204	11.557692307692308
500	624	-1	167	1519.8057211895207	11.772435897435898
500	624	-1	152	1569.4328469584173	11.10576923076923
500	624	-1	118	1509.0305987183876	11.947115384615385
500	624	-1	113	1514.3532824206293	10.923076923076923
500	624	-1	124	1537.223574984418	11.322115384615385
500	624	-1	116	1546.9756086284312	10.85897435897436
500	624	-1	18	1514.17174405983	11.39102564102564
500	624	-1	117	1532.2605573071621	11.192307692307692
500	624	-1	153	1516.0400493687812	10.75
500	624	-1	84	1528.5598953239157	11.224358974358974
500	624	-1	35	1521.016201376651	11.512820512820513
500	624	-1	98	1543.0711591392562	11.179487179487179
500	624	-1	85	1539.1753258296167	10.823717948717949
500	624	-1	137	1554.300465885248	11.15224358974359
500	624	-1	177	1545.2224566923735	10.637820512820513
500	624	-1	184	1518.5302348755297	11.07852564102564
500	624	-1	174	1528.1332618969504	11.200320512820513
500	624	-1	20	1517.401172300235	11.541666666666666
500	624	-1	96	1533.6559911638112	11.16826923076923
500	624	-1	125	1507.405334674077	11.123397435897436
500	624	-1	15	1532.7011547467234	11.400641025641026
500	624	-1	187	1535.5371693585291	11.27724358974359
500	624	-1	114	1528.347900130113	11.21474358974359
500	624	-1	33	1546.6081638944088	11.461538461538462
500	624	-1	149	1542.138849590151	11.491987179487179
500	624	-1	168	1511.4403325953606	11.354166666666666
500	624	-1	100	1521.0105690116925	11.958333333333334
500	624	-1	155	1550.4552151315281	10.934294871794872
500	624	-1	157	1530.5851746668461	12.23397435897436
500	624	-1	161	1547.3160655903002	11.086538461538462
500	624	-1	159	1509.2563883580192	11.996794871794872
500	624	-1	171	1539.6970649539944	11.310897435897436
500	624	-1	79	1536.2887835300853	11.636217948717949
500	624	-1	75	1553.7499618615677	11.161858974358974
500	624	-1	162	1503.7693759375115	11.615384615384615
500	624	-1	108	1502.2471380528737	11.689102564102564
500	624	-1	172	1531.4748886840662	10.870192307692308
500	624	-1	158	1530.4572991192792	11.477564102564102
500	624	-1	80	1507.937031078691	11.77724358974359
500	624	-1	128	1507.7822644003807	11.116987179487179
500	624	-1	180	1514.3093591313452	12.07852564102564
