500	934	-1	65	1962.2029487312398	1962.2029487312045	10.11456102783726
500	934	-1	129	2046.1107723476782	2046.1107723476052	8.063169164882227
500	934	-1	148	2025.795860073572	2025.7958600735722	7.8661670235546035
500	934	-1	134	2042.719275341096	2042.7192753410964	7.854389721627409
500	934	-1	47	1966.4824746257877	1966.482474625788	9.519271948608138
500	934	-1	36	1984.57887853665	1984.5788785366499	8.923982869379016
500	934	-1	49	1992.3875072717221	1992.3875072717226	8.715203426124196
500	934	-1	4	1950.1510756424827	1950.1510756424834	9.436830835117773
500	934	-1	57	1955.3013122680895	1955.3013122680597	9.051391862955033
500	934	-1	70	1902.387146325657	1902.387146323545	10.715203426124196
500	934	-1	37	2016.3334397181093	2016.3334397181095	8.5203426124197
500	934	-1	5	1967.3052808482505	1967.3052808456632	9.290149892933618
500	934	-1	54	2009.1913632579844	2009.1913632579854	8.32762312633833
500	934	-1	140	2070.232160991124	2070.232160991124	7.5963597430406855
500	934	-1	197	1976.5688938721626	1976.5688938721614	8.717344753747323
500	934	-1	199	2009.522579707689	2009.522579707681	8.673447537473233
500	934	-1	38	2036.9861806845702	2036.9861806845713	8.306209850107066
500	934	-1	30	2035.9343869317659	2035.9343869317659	7.958244111349036
500	934	-1	151	2054.515973601717	2054.5159736017176	7.808351177730192
500	934	-1	64	1993.497518765867	1993.497518765868	8.95610278372591
500	934	-1	73	1985.710695489553	1985.7106954895532	9.254817987152034
500	934	-1	119	1974.9864337606323	1974.9864337217505	9.350107066381156
500	934	-1	107	2036.6098460917674	2036.6098460917674	7.793361884368308
500	934	-1	183	2014.2135564960502	2014.2135564960456	8.943254817987151
500	934	-1	74	1996.5224218563606	1996.5224218563599	8.654175588865096
500	934	-1	10	2033.6544959962275	2033.6544959962275	8.13811563169165
500	934	-1	2	1990.0714860442424	1990.0714860442242	8.820128479657388
500	934	-1	130	1955.1540126029406	1955.154012602939	9.832976445396145
500	934	-1	76	1973.2349172460783	1973.234890239419	9.477516059957173
500	934	-1	46	1993.6937871962518	1993.693787196253	8.234475374732334
500	934	-1	135	1988.4872261070414	1988.4872261070414	8.23982869379015
500	934	-1	133	2028.8472763060993	2028.8472763060997	7.908993576017131
500	934	-1	123	1964.6143252971074	1964.6142897315663	10.367237687366167
500	934	-1	178	2008.075279628174	2008.075235652206	8.869379014989294
500	934	-1	13	1950.4126560630725	1950.4126560630732	9.382226980728051
500	934	-1	23	1968.5338312186536	1968.5338312186334	9.289079229122056
500	934	-1	32	1950.001429875589	1950.001429785615	10.335117773019272
500	934	-1	189	1999.4999184129842	1999.4999184129833	8.83404710920771
500	934	-1	67	1990.6394216929962	1990.6394216929968	8.124197002141328
500	934	-1	105	2036.2004774434656	2036.2004774433856	7.9796573875803
500	934	-1	93	2002.4156562484845	2002.415656248484	8.901498929336189
500	934	-1	53	2017.30642176316	2017.3064217631597	8.522483940042827
500	934	-1	112	2012.2459431233806	2012.245943123355	8.832976445396145
500	934	-1	22	2047.2284385782086	2047.2284385782093	8.163811563169165
500	934	-1	48	2017.770200163892	2017.7702001638504	8.200214132762312
500	934	-1	86	1955.2194704098802	1955.219470409191	9.913276231263383
500	934	-1	164	1957.4504595928986	1957.4504595928986	9.578158458244111
500	934	-1	144	2002.8593290052972	2002.8593289643627	9.224839400428266
500	934	-1	51	1956.097487188904	1956.097487186725	9.774089935760172
500	934	-1	56	2005.1329975798392	2005.1329975742635	8.700214132762312
500	934	-1	193	1999.6617121839008	1999.6617121839004	8.769807280513918
500	934	-1	99	2029.44246441895	2029.4424644189467	8.13811563169165
500	934	-1	192	1942.6886105509896	1942.6886105509896	9.943254817987151
500	934	-1	169	1976.2925619986804	1976.2925610656403	9.290149892933618
500	934	-1	156	2017.1245488626048	2017.1245488626053	8.511777301927195
500	934	-1	3	2010.1912953526898	2010.1912953526903	7.877944325481799
500	934	-1	27	1942.8349585714063	1942.8349585714018	9.876873661670235
500	934	-1	31	2061.5369365330807	2061.5369365330807	7.637044967880086
500	934	-1	61	1978.7027361262353	1978.7027361262355	8.855460385438972
500	934	-1	58	2025.177916491251	2025.1779164912514	8.184154175588866
500	934	-1	87	2012.0781374107974	2012.0781374107978	8.326552462526767
500	934	-1	126	1980.519889320105	1980.5198893201054	8.90578158458244
500	934	-1	131	2056.0478604851655	2056.047860485166	7.881156316916488
500	934	-1	147	1982.900453515508	1982.900453515508	9.486081370449678
500	934	-1	7	1983.6753436117851	1983.6753436117758	8.880085653104926
500	934	-1	186	2058.5978740925675	2058.5978740925684	7.493576017130621
500	934	-1	88	2036.6820798095662	2036.6820798095664	7.814775160599572
500	934	-1	45	2099.650536522054	2099.650536522054	7.544967880085653
500	934	-1	52	1944.2429496756656	1944.2429496756629	10.36188436830835
500	934	-1	81	2037.5272350177543	2037.5272350177534	8.330835117773018
500	934	-1	194	1924.4914767381636	1924.4914767381356	9.998929336188437
500	934	-1	181	1981.3157334236682	1981.313663212025	9.179871520342612
500	934	-1	34	2069.403072560906	2069.4030725609064	7.720556745182013
500	934	-1	39	1940.753350353347	1940.753350353039	10.39507494646681
500	934	-1	71	2037.7908663824423	2037.7908663824433	8.214132762312634
500	934	-1	196	2029.2297128858688	2029.22971288577	8.920770877944326
500	934	-1	103	1977.515086908331	1977.5150869083297	9.364025695931478
500	934	-1	120	1918.7783285732296	1918.7783285730384	10.209850107066382
500	934	-1	43	1926.5297852584695	1926.5297852584492	10.370449678800856
500	934	-1	89	1990.4381708809115	1990.4381708808887	8.192719486081371
500	934	-1	12	2003.37924390852	2003.3792439085203	8.362955032119915
500	934	-1	185	2008.3179766903713	2008.3179766903684	8.550321199143468
500	934	-1	82	1966.6710747817592	1966.6710747817597	9.610278372591006
500	934	-1	69	2016.5531268061095	2016.5531268061095	8.12526766595289
500	934	-1	141	2026.1839490391862	2026.1839490391862	8.035331905781584
500	934	-1	63	2010.4570753999294	2010.457075399742	8.32119914346895
500	934	-1	145	1970.609848423211	1970.609848423211	9.5203426124197
500	934	-1	40	2037.9487254196356	2037.9487254196356	8.09421841541756
500	934	-1	66	2025.5877514198519	2025.587751419841	8.570663811563168
500	934	-1	0	1972.247384998172	1972.2473849981732	9.5406852248394
500	934	-1	127	2030.1499296848444	2030.1499296848447	7.997858672376874
500	934	-1	68	1950.7612391634927	1950.7612391634934	9.602783725910065
500	934	-1	21	2040.9405851120132	2040.940585112013	8.201284796573876
500	934	-1	182	1993.3251930135568	1993.3251930135536	9.273019271948607
500	934	-1	16	2000.250719289125	2000.2507192890337	9.012847965738757
500	934	-1	8	1960.3774316607498	1960.3774316373615	9.669164882226982
500	934	-1	138	2024.8723309316272	2024.8723309316279	8.09421841541756
500	934	-1	44	2036.1637517585784	2036.1637517584923	8.453961456102784
500	934	-1	198	2005.5194804952835	2005.519480495283	8.80406852248394
500	934	-1	25	2051.305587172185	2051.3055871721854	7.736616702355461
500	934	-1	97	1985.288919809385	1985.2889198039948	9.528907922912206
500	934	-1	62	1940.2012253141565	1940.2012252786756	11.083511777301927
500	934	-1	78	1980.91140533119	1980.9114053311907	8.551391862955033
500	934	-1	125	1951.2972193363112	1951.2972020486388	9.37152034261242
500	934	-1	166	1972.6483765957132	1972.6483765957137	8.577087794432549
500	934	-1	29	2027.9270543322727	2027.9270543322737	8.234475374732334
500	934	-1	26	1973.913006904848	1973.9130069048485	9.10492505353319
500	934	-1	176	1969.1066683969227	1969.1055809588083	9.930406852248394
500	934	-1	121	2002.6686582038758	2002.668658203876	8.599571734475374
500	934	-1	77	1996.8834802976926	1996.883480297693	8.529978586723768
500	934	-1	104	1969.930915125441	1969.9309151254336	9.512847965738757
500	934	-1	14	2034.0506282433269	2034.050628243327	8.384368308351178
500	934	-1	96	1959.3000431778464	1959.3000431778087	9.312633832976445
500	934	-1	83	2049.454013240803	2049.454013240773	8.231263383297645
500	934	-1	59	1945.807070027638	1945.8070700276373	10.444325481798716
500	934	-1	177	1991.2410489304173	1991.241048930316	8.755888650963598
500	934	-1	24	1980.2831117904177	1980.2831035222011	10.466809421841543
500	934	-1	146	2012.1533139761723	2012.1533139761727	8.726980728051393
500	934	-1	153	1970.510194301858	1970.510194161882	8.74304068522484
500	934	-1	122	1991.2983445263583	1991.2983445263405	9.177730192719485
500	934	-1	17	1990.9115030566386	1990.9115030566204	9.038543897216273
500	934	-1	163	2003.1028047576867	2003.1028047576874	8.677730192719485
500	934	-1	139	1991.367965593404	1991.3679655934045	8.82119914346895
500	934	-1	110	1972.2161665661813	1972.2161665661135	9.642398286937901
500	934	-1	102	2017.1055074522774	2017.1055074512922	8.28051391862955
500	934	-1	115	2027.4737084116648	2027.4737084116273	8.317987152034261
500	934	-1	95	1999.1269364565974	1999.1269364565987	8.5203426124197
500	934	-1	60	2062.1080906103125	2062.1080906103134	7.829764453961456
500	934	-1	173	2007.9968388529758	2007.9968388529758	8.789079229122056
500	934	-1	106	2000.4628600721583	2000.4628600721585	9.013918629550322
500	934	-1	28	2001.2091565840788	2001.2091565840788	8.60492505353319
500	934	-1	101	1989.787121450062	1989.7871214500374	9.330835117773018
500	934	-1	190	2012.0684119992804	2012.0684119931395	8.852248394004283
500	934	-1	170	2036.2003362376252	2036.2003362376258	8.192719486081371
500	934	-1	98	2019.943452660342	2019.94345266034	8.314775160599572
500	934	-1	94	2054.1711978178996	2054.1711978179	7.78693790149893
500	934	-1	11	2007.296232762547	2007.2962327625455	9.049250535331906
500	934	-1	165	2063.59161810177	2063.5916181017706	7.676659528907923
500	934	-1	20	1948.5579310416356	1948.5579310125902	10.36509635974304
500	934	-1	179	1920.9861554305714	1920.9861554305614	10.640256959314776
500	934	-1	143	2005.627473443693	2005.627473441429	8.774089935760172
500	934	-1	191	2003.843683445153	2003.8436834451259	8.992505353319057
500	934	-1	154	2008.3882763308864	2008.38827633082	8.129550321199144
500	934	-1	1	2031.3203347542901	2031.3203347542908	7.955032119914347
500	934	-1	109	2049.4644001061024	2049.4644001061024	7.9860813704496785
500	934	-1	42	1950.8660635607187	1950.8660635607193	9.572805139186295
500	934	-1	188	2005.3111586503753	2005.3111586503744	8.187366167023555
500	934	-1	142	1992.1168990712172	1992.1168990712158	9.00321199143469
500	934	-1	35	2004.6435497790374	2004.643549779038	8.276231263383298
500	934	-1	174	2001.4704533612176	2001.470453361218	8.419700214132762
500	934	-1	92	1996.7447030797575	1996.744703052417	8.640256959314776
500	934	-1	152	2078.5077118235904	2078.5077118235877	7.838329764453961
500	934	-1	6	2027.5582482305142	2027.5582482305138	7.841541755888651
500	934	-1	111	2061.1574194720524	2061.1574194720533	7.781584582441114
500	934	-1	19	1960.463239253257	1960.4632392523151	10.116702355460385
500	934	-1	90	1963.4719478739794	1963.4719478737659	10.338329764453961
500	934	-1	175	2025.9017514844631	2025.901751484464	8.1017130620985
500	934	-1	33	2027.9291932655542	2027.9291932655542	8.576017130620984
500	934	-1	168	2003.2945119338517	2003.2945119338522	8.516059957173448
500	934	-1	160	2002.1196571241144	2002.1196571240937	9.113490364025695
500	934	-1	117	1942.62937914069	1942.629379140621	10.15203426124197
500	934	-1	118	1988.8451629986012	1988.8451629982858	9.685224839400428
500	934	-1	136	1978.777160505778	1978.7771591602482	9.988222698072805
500	934	-1	167	2005.0295597225559	2005.0295597225563	8.843683083511777
500	934	-1	137	2035.4733880129568	2035.4733880129575	8.288008565310493
500	934	-1	55	1988.926008020264	1988.926008020264	9.167023554603855
500	934	-1	41	1976.2427924658823	1976.2427924658186	9.643468950749465
500	934	-1	187	1959.2576191442863	1959.2576191442643	10.431477516059957
500	934	-1	124	2000.4722716810377	2000.472271680863	9.384368308351178
500	934	-1	85	2015.717152906732	2015.7171529067316	8.335117773019272
500	934	-1	113	2017.235092420719	2017.235092392338	8.168094218415417
500	934	-1	155	2010.6322880315242	2010.632288031525	8.718415417558887
500	934	-1	18	2001.8530559624653	2001.8530557951717	8.86188436830835
500	934	-1	149	2055.119012830398	2055.119012830399	7.889721627408994
500	934	-1	91	1972.1995260932622	1972.19948109952	9.447537473233405
500	934	-1	15	2051.7745353669065	2051.7745353669043	8.12847965738758
500	934	-1	159	1925.6813308138824	1925.6813308138817	10.535331905781584
500	934	-1	79	1961.4137458623013	1961.413745858279	10.102783725910065
500	934	-1	161	2043.2691651650257	2043.2691651650255	7.975374732334047
500	934	-1	84	1984.2036947172035	1984.2036928949894	8.985010706638116
500	934	-1	50	1971.9485484069553	1971.948548402597	9.036402569593148
500	934	-1	116	2017.9744019713362	2017.9744019713344	8.437901498929337
500	934	-1	100	2008.0136227911544	2008.0136227911555	8.179871520342612
500	934	-1	184	1969.1486583185506	1969.148658318551	9.383297644539615
500	934	-1	171	2045.8085260238838	2045.8085260238838	7.910064239828694
500	934	-1	157	1962.0417293668443	1962.041729366844	10.384368308351178
500	934	-1	132	1929.8799238178642	1929.879923817864	10.702355460385439
500	934	-1	108	1954.4514971925312	1954.451497192526	9.516059957173448
