1000	780	3	36	32841.0	8.073076923076924	0.06919622421264648
1000	780	3	31	33031.0	8.065384615384616	0.06957125663757324
1000	780	3	35	33515.0	8.114102564102565	0.06933712959289551
1000	780	3	37	33824.0	8.102564102564102	0.06880331039428711
1000	780	3	33	32756.0	8.017948717948718	0.068206787109375
1000	780	3	79	33127.0	7.993589743589744	0.06508922576904297
1000	780	3	32	32673.0	8.00897435897436	0.06856727600097656
1000	780	3	78	32628.0	7.966666666666667	0.06620192527770996
1000	780	3	80	33209.0	8.062820512820513	0.06633663177490234
1000	780	3	82	33046.0	8.038461538461538	0.06698465347290039
1000	780	3	83	33152.0	8.123076923076923	0.06718015670776367
1000	780	3	81	33351.0	8.11923076923077	0.0686037540435791
1000	780	3	73	32683.0	8.070512820512821	0.06935429573059082
1000	780	3	74	33638.0	8.153846153846153	0.0713038444519043
1000	780	3	77	32280.0	8.01025641025641	0.06544733047485352
1000	780	3	75	32854.0	7.987179487179487	0.06846785545349121
1000	780	3	72	33166.0	8.074358974358974	0.06972336769104004
1000	780	3	34	32993.0	8.101282051282052	0.06898760795593262
1000	780	3	76	32146.0	7.961538461538462	0.06728625297546387
1000	780	3	71	33830.0	8.143589743589743	0.06992363929748535
1000	780	3	70	33914.0	8.14102564102564	0.06970047950744629
1000	780	3	30	33928.0	8.112820512820512	0.07673883438110352
1000	780	3	29	32571.0	7.880769230769231	0.07327437400817871
1000	780	3	68	32954.0	7.98974358974359	0.06606507301330566
1000	780	3	65	32787.0	8.057692307692308	0.06682562828063965
1000	780	3	67	33006.0	8.087179487179487	0.06746840476989746
1000	780	3	63	32840.0	8.112820512820512	0.06829977035522461
1000	780	3	62	33364.0	8.123076923076923	0.0687413215637207
1000	780	3	69	33052.0	8.064102564102564	0.06757378578186035
1000	780	3	64	32445.0	7.921794871794872	0.06569814682006836
1000	780	3	58	33315.0	8.006410256410257	0.06732916831970215
1000	780	3	59	31993.0	7.888461538461539	0.06455302238464355
1000	780	3	66	32115.0	7.991025641025641	0.06603670120239258
1000	780	3	60	33155.0	8.111538461538462	0.06901669502258301
1000	780	3	61	33515.0	8.096153846153847	0.06883549690246582
1000	780	3	23	32120.0	7.917948717948718	0.06462645530700684
1000	780	3	25	32434.0	7.98974358974359	0.066619873046875
1000	780	3	27	33402.0	8.105128205128205	0.06740069389343262
1000	780	3	28	33983.0	8.232051282051282	0.06960535049438477
1000	780	3	15	31696.0	7.894871794871795	0.06630516052246094
1000	780	3	18	32866.0	8.025641025641026	0.06809520721435547
1000	780	3	13	32740.0	8.051282051282051	0.06869053840637207
1000	780	3	14	32830.0	8.035897435897436	0.06902933120727539
1000	780	3	17	33562.0	8.092307692307692	0.06806302070617676
1000	780	3	26	33163.0	8.083333333333334	0.06685185432434082
1000	780	3	19	32984.0	8.01025641025641	0.0685114860534668
1000	780	3	16	33241.0	8.11923076923077	0.0711982250213623
1000	780	3	22	32813.0	8.03974358974359	0.06609487533569336
1000	780	3	21	33233.0	8.088461538461539	0.0677177906036377
1000	780	3	24	33094.0	8.058974358974359	0.06667065620422363
1000	780	3	20	32790.0	8.038461538461538	0.06618833541870117
1000	780	3	12	33995.0	8.21923076923077	0.07000446319580078
1000	780	3	98	31417.0	7.92948717948718	0.06581759452819824
1000	780	3	96	31910.0	7.961538461538462	0.06627964973449707
1000	780	3	95	32203.0	7.932051282051282	0.06597304344177246
1000	780	3	94	33067.0	8.006410256410257	0.06687808036804199
1000	780	3	93	33425.0	8.042307692307693	0.06724858283996582
1000	780	3	92	32880.0	8.074358974358974	0.06804084777832031
1000	780	3	99	33855.0	8.124358974358975	0.06861543655395508
1000	780	3	89	33074.0	7.994871794871795	0.06843042373657227
1000	780	3	85	31951.0	7.955128205128205	0.06780600547790527
1000	780	3	97	33127.0	8.114102564102565	0.06904315948486328
1000	780	3	90	33043.0	8.044871794871796	0.06898069381713867
1000	780	3	91	33786.0	8.053846153846154	0.06932187080383301
1000	780	3	84	32853.0	8.09871794871795	0.0711362361907959
1000	780	3	86	33215.0	8.085897435897436	0.07111835479736328
1000	780	3	88	33585.0	8.144871794871795	0.07100963592529297
1000	780	3	87	33822.0	8.179487179487179	0.07205605506896973
1000	780	3	42	33739.0	8.073076923076924	0.0683443546295166
1000	780	3	43	33515.0	8.055128205128206	0.06837797164916992
1000	780	3	44	33588.0	8.033333333333333	0.06891369819641113
1000	780	3	47	32177.0	7.944871794871795	0.06477475166320801
1000	780	3	48	31674.0	7.961538461538462	0.06528282165527344
1000	780	3	46	33592.0	8.048717948717949	0.06628775596618652
1000	780	3	49	33096.0	8.046153846153846	0.06777262687683105
1000	780	3	52	32265.0	8.016666666666667	0.06745052337646484
1000	780	3	50	33266.0	8.064102564102564	0.06771111488342285
1000	780	3	51	34705.0	8.185897435897436	0.06840324401855469
1000	780	3	45	33047.0	8.062820512820513	0.07035994529724121
1000	780	3	56	32972.0	8.02051282051282	0.06661200523376465
1000	780	3	55	32688.0	8.071794871794872	0.06909942626953125
1000	780	3	53	32202.0	7.966666666666667	0.0666205883026123
1000	780	3	54	33465.0	8.073076923076924	0.06894898414611816
1000	780	3	57	33832.0	8.12051282051282	0.06797552108764648
1000	780	3	148	32961.0	8.052564102564103	0.06694865226745605
1000	780	3	147	34158.0	8.138461538461538	0.06766366958618164
1000	780	3	0	32744.0	8.015384615384615	0.07343482971191406
1000	780	3	41	33090.0	8.08974358974359	0.0689547061920166
1000	780	3	40	33802.0	8.182051282051281	0.06928014755249023
1000	780	3	38	33360.0	8.046153846153846	0.07341504096984863
1000	780	3	39	32268.0	8.035897435897436	0.07383537292480469
1000	780	3	9	33714.0	8.166666666666666	0.0705254077911377
1000	780	3	6	32804.0	8.046153846153846	0.06855368614196777
1000	780	3	5	33185.0	8.080769230769231	0.0698089599609375
1000	780	3	1	32873.0	8.047435897435898	0.0695345401763916
1000	780	3	10	34165.0	8.180769230769231	0.07204866409301758
1000	780	3	7	32528.0	8.033333333333333	0.06973099708557129
1000	780	3	8	32560.0	8.005128205128205	0.06874489784240723
1000	780	3	4	33454.0	8.087179487179487	0.06951785087585449
1000	780	3	11	33252.0	8.094871794871795	0.06968998908996582
1000	780	3	3	33169.0	8.093589743589744	0.06985139846801758
1000	780	3	2	32719.0	8.088461538461539	0.06982588768005371
1000	780	3	119	32973.0	8.057692307692308	0.06830573081970215
1000	780	3	120	33983.0	8.09871794871795	0.07026362419128418
1000	780	3	121	33423.0	8.10897435897436	0.06973123550415039
1000	780	3	118	33391.0	8.073076923076924	0.06888389587402344
1000	780	3	125	33000.0	8.048717948717949	0.06959867477416992
1000	780	3	123	33736.0	8.051282051282051	0.06973814964294434
1000	780	3	126	32658.0	8.04102564102564	0.0696871280670166
1000	780	3	117	32876.0	8.128205128205128	0.06930732727050781
1000	780	3	128	34833.0	8.173076923076923	0.07136940956115723
1000	780	3	129	32851.0	8.047435897435898	0.06784701347351074
1000	780	3	122	33052.0	8.087179487179487	0.0685567855834961
1000	780	3	124	33553.0	8.13974358974359	0.07016897201538086
1000	780	3	127	33232.0	8.066666666666666	0.07066702842712402
1000	780	3	178	30988.0	7.864102564102564	0.06501221656799316
1000	780	3	184	31942.0	7.958974358974359	0.06499695777893066
1000	780	3	189	32006.0	8.03076923076923	0.06583428382873535
1000	780	3	183	33332.0	8.07948717948718	0.06711649894714355
1000	780	3	185	33137.0	8.09871794871795	0.06741571426391602
1000	780	3	190	33482.0	8.11025641025641	0.06740260124206543
1000	780	3	186	33327.0	8.111538461538462	0.06743431091308594
1000	780	3	188	33406.0	8.076923076923077	0.0680239200592041
1000	780	3	177	32866.0	8.005128205128205	0.06789398193359375
1000	780	3	187	32886.0	8.04102564102564	0.06769752502441406
1000	780	3	176	32316.0	8.01025641025641	0.06805133819580078
1000	780	3	180	33455.0	8.116666666666667	0.06876778602600098
1000	780	3	175	33371.0	8.083333333333334	0.06982660293579102
1000	780	3	182	33287.0	8.116666666666667	0.0699763298034668
1000	780	3	179	34535.0	8.211538461538462	0.0705254077911377
1000	780	3	181	34199.0	8.162820512820513	0.07083511352539062
1000	780	3	116	32787.0	7.998717948717949	0.06586575508117676
1000	780	3	112	32374.0	8.02051282051282	0.06638121604919434
1000	780	3	114	32893.0	8.021794871794873	0.06599569320678711
1000	780	3	111	33223.0	8.106410256410257	0.06786775588989258
1000	780	3	105	33202.0	8.08974358974359	0.06940937042236328
1000	780	3	109	32998.0	8.135897435897435	0.06732678413391113
1000	780	3	115	34394.0	8.171794871794871	0.06757450103759766
1000	780	3	110	32960.0	8.076923076923077	0.06765604019165039
1000	780	3	113	33188.0	8.07948717948718	0.0668032169342041
1000	780	3	108	33808.0	8.133333333333333	0.06857824325561523
1000	780	3	106	32953.0	8.111538461538462	0.06910467147827148
1000	780	3	107	33350.0	8.12051282051282	0.0697324275970459
1000	780	3	103	33021.0	8.142307692307693	0.0704042911529541
1000	780	3	104	33781.0	8.103846153846154	0.0692739486694336
1000	780	3	102	34281.0	8.162820512820513	0.07108497619628906
1000	780	3	150	32575.0	8.02948717948718	0.06750154495239258
1000	780	3	156	33031.0	8.032051282051283	0.06746840476989746
1000	780	3	151	32755.0	7.983333333333333	0.06881904602050781
1000	780	3	153	32883.0	8.083333333333334	0.06864547729492188
1000	780	3	155	33120.0	8.051282051282051	0.0682227611541748
1000	780	3	154	32535.0	8.011538461538462	0.06810688972473145
1000	780	3	152	32314.0	7.961538461538462	0.06740689277648926
1000	780	3	149	32515.0	8.044871794871796	0.06870484352111816
1000	780	3	101	32704.0	8.112820512820512	0.06730771064758301
1000	780	3	198	32708.0	8.007692307692308	0.06519627571105957
1000	780	3	197	32648.0	7.97948717948718	0.06552934646606445
1000	780	3	193	31772.0	7.933333333333334	0.06739091873168945
1000	780	3	192	32732.0	7.994871794871795	0.06752753257751465
1000	780	3	199	33730.0	8.102564102564102	0.06721353530883789
1000	780	3	191	32205.0	7.980769230769231	0.06820368766784668
1000	780	3	196	34318.0	8.128205128205128	0.06947875022888184
1000	780	3	195	33241.0	8.078205128205129	0.06922435760498047
1000	780	3	194	33056.0	8.069230769230769	0.06919097900390625
1000	780	3	138	32767.0	8.03974358974359	0.06835699081420898
1000	780	3	146	33473.0	8.032051282051283	0.06733512878417969
1000	780	3	140	33359.0	8.011538461538462	0.06574368476867676
1000	780	3	144	32591.0	8.085897435897436	0.06826996803283691
1000	780	3	139	33673.0	8.101282051282052	0.06718778610229492
1000	780	3	145	32731.0	8.060256410256411	0.06704974174499512
1000	780	3	137	33138.0	8.102564102564102	0.06879281997680664
1000	780	3	141	33195.0	8.070512820512821	0.06715202331542969
1000	780	3	134	32257.0	8.032051282051283	0.0685880184173584
1000	780	3	135	32189.0	7.993589743589744	0.06897544860839844
1000	780	3	136	33698.0	8.061538461538461	0.06903314590454102
1000	780	3	143	33364.0	8.064102564102564	0.06815648078918457
1000	780	3	142	32727.0	8.137179487179488	0.0684659481048584
1000	780	3	133	33997.0	8.114102564102565	0.06988406181335449
1000	780	3	130	34059.0	8.111538461538462	0.07003378868103027
1000	780	3	132	31848.0	7.897435897435898	0.06575298309326172
1000	780	3	131	33721.0	8.091025641025642	0.06910824775695801
1000	780	3	170	32657.0	8.021794871794873	0.06549715995788574
1000	780	3	172	32803.0	7.970512820512821	0.06544089317321777
1000	780	3	171	32188.0	7.98974358974359	0.06598067283630371
1000	780	3	159	33481.0	8.10897435897436	0.070037841796875
1000	780	3	174	33043.0	8.042307692307693	0.06633877754211426
1000	780	3	168	32790.0	8.069230769230769	0.06724429130554199
1000	780	3	162	33294.0	8.084615384615384	0.0673668384552002
1000	780	3	169	32652.0	8.02051282051282	0.06601238250732422
1000	780	3	167	33495.0	8.091025641025642	0.06741905212402344
1000	780	3	165	32186.0	7.971794871794872	0.06719112396240234
1000	780	3	161	33843.0	8.183333333333334	0.06911206245422363
1000	780	3	160	33474.0	8.161538461538461	0.0701138973236084
1000	780	3	166	33327.0	8.05	0.07355546951293945
1000	780	3	158	32932.0	8.035897435897436	0.0686492919921875
1000	780	3	164	32224.0	7.958974358974359	0.06638526916503906
1000	780	3	163	32585.0	8.032051282051283	0.06723999977111816
1000	780	3	173	33104.0	8.107692307692307	0.06829142570495605
1000	780	3	157	32970.0	8.035897435897436	0.07372283935546875
1000	780	3	100	32535.0	7.985897435897436	0.06662273406982422
