200	478	3	145	26818.0	5.7364016736401675	 20.64402151107788 
200	478	3	153	28544.0	5.96234309623431	 13.33707571029663 
200	478	3	168	27620.0	5.828451882845188	 12.316787958145142 
200	478	3	143	27061.0	5.813807531380753	 34.562633991241455 
200	478	3	87	26136.0	5.686192468619247	 48.96351432800293 
200	478	3	156	28099.0	5.889121338912134	 39.043556213378906 
200	478	3	68	26438.0	5.7573221757322175	 198.44284081459045 
200	478	3	186	27893.0	5.880753138075314	 6.359160661697388 
200	478	3	18	28030.0	5.899581589958159	 88.5249593257904 
200	478	3	128	25081.0	5.583682008368201	 97.2941620349884 
200	478	3	110	27197.0	5.838912133891213	 19.241483688354492 
200	478	3	102	26827.0	5.7635983263598325	 210.98302388191223 
200	478	3	69	28453.0	5.907949790794979	 7.7248547077178955 
200	478	3	96	28829.0	5.989539748953975	 9.535511493682861 
200	478	3	169	27371.0	5.826359832635983	 64.5503797531128 
200	478	3	134	27513.0	5.843096234309623	 7.915571212768555 
200	478	3	124	26342.0	5.7552301255230125	 46.402711629867554 
200	478	3	190	27909.0	5.889121338912134	 68.75092101097107 
200	478	3	37	26802.0	5.7573221757322175	 6.708139419555664 
200	478	3	135	27254.0	5.824267782426778	 86.35006952285767 
200	478	3	132	29233.0	5.972803347280335	 204.68624353408813 
200	478	3	194	28659.0	5.976987447698745	 108.21363949775696 
200	478	3	60	26379.0	5.696652719665272	 35.42916393280029 
200	478	3	147	28897.0	5.968619246861925	 122.11732840538025 
200	478	3	150	27845.0	5.872384937238493	 145.32907247543335 
200	478	3	131	27395.0	5.849372384937238	 8.839261770248413 
200	478	3	126	25486.0	5.640167364016737	 210.76649284362793 
200	478	3	55	28031.0	5.918410041841004	 13.785996437072754 
200	478	3	115	28298.0	5.933054393305439	 20.159300327301025 
200	478	3	97	29012.0	5.97071129707113	 34.69868230819702 
200	478	3	140	27055.0	5.792887029288703	 10.416810274124146 
200	478	3	106	25830.0	5.669456066945607	 187.02569699287415 
200	478	3	163	26301.0	5.7259414225941425	 9.765305042266846 
200	478	3	155	27402.0	5.836820083682008	 5.806170701980591 
200	478	3	64	28064.0	5.907949790794979	 35.3862202167511 
200	478	3	112	28184.0	5.924686192468619	 11.664392709732056 
200	478	3	182	27602.0	5.849372384937238	 66.58929109573364 
200	478	3	19	26106.0	5.7280334728033475	 12.940432786941528 
200	478	3	25	26108.0	5.7238493723849375	 10.033881187438965 
200	478	3	161	27407.0	5.851464435146443	 212.78844690322876 
200	478	3	58	28057.0	5.914225941422594	 47.11026954650879 
200	478	3	152	28270.0	5.937238493723849	 88.89557337760925 
200	478	3	170	28782.0	5.97071129707113	 15.615398168563843 
200	478	3	121	27427.0	5.838912133891213	 211.99339246749878 
200	478	3	199	27738.0	5.874476987447698	 105.40284180641174 
200	478	3	130	27429.0	5.826359832635983	 205.3313591480255 
200	478	3	76	28875.0	5.958158995815899	 32.910730838775635 
200	478	3	195	27625.0	5.868200836820083	 208.63382959365845 
200	478	3	157	26919.0	5.797071129707113	 10.448728084564209 
200	478	3	177	26983.0	5.805439330543933	 9.733134269714355 
200	478	3	73	27909.0	5.893305439330544	 205.20384860038757 
200	478	3	103	28439.0	5.891213389121339	 42.08921241760254 
200	478	3	107	28040.0	5.870292887029288	 211.02191734313965 
200	478	3	165	28889.0	5.989539748953975	 29.546885013580322 
200	478	3	28	29332.0	6.03347280334728	 30.92763042449951 
200	478	3	35	27935.0	5.905857740585774	 43.257343769073486 
200	478	3	22	28680.0	5.97907949790795	 52.57634162902832 
200	478	3	175	28880.0	5.96234309623431	 79.45054483413696 
200	478	3	117	28552.0	5.912133891213389	 58.0551872253418 
200	478	3	109	29913.0	6.089958158995816	 205.81375169754028 
200	478	3	85	27682.0	5.815899581589958	 9.663294553756714 
200	478	3	127	28197.0	5.905857740585774	 8.876460075378418 
200	478	3	15	27465.0	5.847280334728033	 208.9616928100586 
200	478	3	160	28657.0	5.964435146443515	 212.23026514053345 
200	478	3	34	26064.0	5.7154811715481175	 172.57508182525635 
200	478	3	100	27621.0	5.830543933054393	 35.51236343383789 
200	478	3	8	27216.0	5.841004184100418	 211.40688300132751 
200	478	3	138	27296.0	5.809623430962343	 84.12233304977417 
200	478	3	43	26903.0	5.7510460251046025	 45.537989139556885 
200	478	3	183	26944.0	5.803347280334728	 31.38858389854431 
200	478	3	40	26724.0	5.7573221757322175	 121.97325277328491 
200	478	3	164	26564.0	5.7740585774058575	 28.596710920333862 
200	478	3	181	27698.0	5.866108786610878	 205.82824993133545 
200	478	3	118	27196.0	5.799163179916318	 23.939066410064697 
200	478	3	192	27563.0	5.864016736401673	 208.0718958377838 
200	478	3	123	29499.0	6.039748953974895	 112.43820238113403 
200	478	3	56	28013.0	5.910041841004184	 211.91671061515808 
200	478	3	146	27675.0	5.893305439330544	 206.20865273475647 
200	478	3	62	28875.0	6.006276150627615	 111.35021758079529 
200	478	3	196	25034.0	5.602510460251046	 183.51310014724731 
200	478	3	65	26369.0	5.688284518828452	 31.29189419746399 
200	478	3	166	29965.0	6.081589958158996	 26.826658248901367 
200	478	3	148	27595.0	5.859832635983263	 204.9488489627838 
200	478	3	7	26059.0	5.692468619246862	 43.56130838394165 
200	478	3	53	27240.0	5.836820083682008	 86.16198754310608 
200	478	3	99	27711.0	5.851464435146443	 89.82634949684143 
200	478	3	94	26965.0	5.805439330543933	 17.875682592391968 
200	478	3	104	28092.0	5.933054393305439	 117.69992113113403 
200	478	3	23	27035.0	5.801255230125523	 39.50866341590881 
200	478	3	4	26079.0	5.7175732217573225	 63.87093639373779 
200	478	3	66	27168.0	5.794979079497908	 95.88645839691162 
200	478	3	29	26622.0	5.7740585774058575	 123.45137143135071 
200	478	3	75	27568.0	5.841004184100418	 16.48388147354126 
200	478	3	89	26878.0	5.803347280334728	 17.09799599647522 
200	478	3	67	27179.0	5.822175732217573	 139.25121212005615 
200	478	3	142	28276.0	5.920502092050209	 208.39682960510254 
200	478	3	1	26894.0	5.7824267782426775	 39.52203583717346 
200	478	3	77	28019.0	5.901673640167364	 84.48275375366211 
200	478	3	17	25138.0	5.606694560669456	 125.95057129859924 
200	478	3	33	26260.0	5.7196652719665275	 76.10726261138916 
200	478	3	151	27413.0	5.843096234309623	 205.14387583732605 
200	478	3	90	28846.0	5.99581589958159	 8.357334852218628 
200	478	3	74	26443.0	5.7552301255230125	 120.43868279457092 
200	478	3	59	29187.0	6.027196652719665	 61.94578981399536 
200	478	3	185	26271.0	5.7384937238493725	 190.62337970733643 
200	478	3	137	28886.0	5.876569037656904	 98.00455594062805 
200	478	3	198	27010.0	5.824267782426778	 209.52894401550293 
200	478	3	154	28413.0	5.951882845188284	 9.993948221206665 
200	478	3	50	28578.0	5.928870292887029	 19.733661890029907 
200	478	3	114	28822.0	5.832635983263598	 83.98079538345337 
200	478	3	3	27916.0	5.882845188284519	 108.7505190372467 
200	478	3	120	26628.0	5.7489539748953975	 175.28254413604736 
200	478	3	162	29251.0	5.997907949790795	 212.6601755619049 
200	478	3	41	27908.0	5.912133891213389	 33.00781321525574 
200	478	3	187	27623.0	5.826359832635983	 205.29802703857422 
200	478	3	167	29291.0	6.006276150627615	 48.003665924072266 
200	478	3	70	27814.0	5.870292887029288	 70.33046555519104 
200	478	3	30	27132.0	5.811715481171548	 93.40004706382751 
200	478	3	193	26550.0	5.7280334728033475	 210.06708073616028 
200	478	3	31	27653.0	5.861924686192468	 205.15658164024353 
200	478	3	21	27948.0	5.870292887029288	 6.675572395324707 
200	478	3	188	28127.0	5.905857740585774	 8.531782388687134 
200	478	3	172	27238.0	5.824267782426778	 73.86816692352295 
200	478	3	26	27281.0	5.822175732217573	 50.866366147994995 
200	478	3	16	29087.0	5.989539748953975	 171.87965416908264 
200	478	3	84	26430.0	5.7384937238493725	 93.88391423225403 
200	478	3	71	27931.0	5.851464435146443	 204.68402433395386 
200	478	3	111	26583.0	5.7719665271966525	 211.40872764587402 
200	478	3	174	27823.0	5.884937238493724	 14.202341556549072 
200	478	3	27	28325.0	5.939330543933054	 84.1502730846405 
200	478	3	136	27778.0	5.895397489539749	 179.58241629600525 
200	478	3	46	27138.0	5.7803347280334725	 210.44424962997437 
200	478	3	171	26528.0	5.7322175732217575	 204.42892599105835 
200	478	3	11	27768.0	5.861924686192468	 212.37729740142822 
200	478	3	180	26502.0	5.7782426778242675	 211.30775475502014 
200	478	3	9	26318.0	5.7238493723849375	 211.7464005947113 
200	478	3	105	27063.0	5.809623430962343	 203.0973002910614 
200	478	3	139	26316.0	5.690376569037657	 210.83854269981384 
200	478	3	113	27267.0	5.830543933054393	 147.82212567329407 
200	478	3	144	28669.0	5.968619246861925	 209.75405502319336 
200	478	3	116	26204.0	5.7112970711297075	 204.73437523841858 
200	478	3	173	26505.0	5.7384937238493725	 83.49475049972534 
200	478	3	129	26783.0	5.7887029288702925	 206.40823030471802 
200	478	3	79	28535.0	5.976987447698745	 235.9901418685913 
200	478	3	176	28670.0	5.99163179916318	 211.92178797721863 
200	478	3	72	27681.0	5.851464435146443	 35.06501483917236 
200	478	3	57	26720.0	5.7573221757322175	 212.4132959842682 
200	478	3	178	27688.0	5.870292887029288	 46.24363112449646 
200	478	3	54	28712.0	5.930962343096234	 213.45405173301697 
200	478	3	122	26152.0	5.694560669456067	 159.41690826416016 
200	478	3	98	28672.0	5.953974895397489	 14.664331674575806 
200	478	3	80	26331.0	5.7259414225941425	 100.22100925445557 
200	478	3	184	27330.0	5.799163179916318	 191.44571018218994 
200	478	3	45	27518.0	5.866108786610878	 8.132911443710327 
200	478	3	88	26658.0	5.7489539748953975	 138.60109519958496 
200	478	3	108	27524.0	5.836820083682008	 210.43587350845337 
200	478	3	78	27853.0	5.868200836820083	 83.21369957923889 
200	478	3	24	27711.0	5.847280334728033	 131.17019319534302 
200	478	3	191	30493.0	6.127615062761507	 209.5595498085022 
200	478	3	159	27471.0	5.828451882845188	 210.0655927658081 
200	478	3	149	28415.0	5.897489539748954	 168.5104944705963 
200	478	3	91	26884.0	5.7447698744769875	 189.65971422195435 
200	478	3	10	28651.0	5.989539748953975	 212.3824107646942 
200	478	3	12	27808.0	5.866108786610878	 50.5451877117157 
200	478	3	189	27854.0	5.870292887029288	 209.94941878318787 
200	478	3	20	28280.0	5.933054393305439	 172.4439492225647 
200	478	3	133	27164.0	5.815899581589958	 207.6564645767212 
200	478	3	179	27916.0	5.887029288702929	 210.76949882507324 
200	478	3	158	27716.0	5.882845188284519	 9.406571865081787 
200	478	3	36	27199.0	5.805439330543933	 204.6251769065857 
200	478	3	44	27307.0	5.830543933054393	 208.30809879302979 
200	478	3	38	28561.0	5.939330543933054	 7.6728904247283936 
200	478	3	63	28422.0	5.928870292887029	 96.63743257522583 
200	478	3	32	28380.0	5.907949790794979	 204.842369556427 
200	478	3	52	26701.0	5.7426778242677825	 214.05259084701538 
200	478	3	82	28690.0	5.953974895397489	 222.98902821540833 
200	478	3	13	27175.0	5.817991631799163	 229.73031902313232 
200	478	3	83	27562.0	5.853556485355648	 156.09159445762634 
200	478	3	49	28513.0	5.845188284518828	 81.19842648506165 
200	478	3	93	26463.0	5.7552301255230125	 207.69943141937256 
200	478	3	81	28442.0	5.895397489539749	 224.45559191703796 
200	478	3	51	27841.0	5.889121338912134	 212.46185970306396 
200	478	3	5	26751.0	5.7677824267782425	 240.0639362335205 
200	478	3	14	28322.0	5.941422594142259	 207.49501729011536 
200	478	3	95	29281.0	5.964435146443515	 206.67818069458008 
200	478	3	0	28310.0	5.920502092050209	 223.79539561271667 
200	478	3	2	28074.0	5.920502092050209	 170.2878007888794 
200	478	3	6	26268.0	5.707112970711297	 173.0477409362793 
200	478	3	47	28347.0	5.878661087866109	 231.4215486049652 
