200	14	-1	152	90.0	6.142857142857143
200	14	-1	137	95.0	6.357142857142857
200	14	-1	138	98.0	6.571428571428571
200	14	-1	145	83.0	5.642857142857143
200	14	-1	153	92.0	6.428571428571429
200	14	-1	150	91.0	6.357142857142857
200	14	-1	136	90.0	6.428571428571429
200	14	-1	147	111.0	7.785714285714286
200	14	-1	149	87.0	6.071428571428571
200	14	-1	140	82.0	5.714285714285714
200	14	-1	60	86.0	6.0
200	14	-1	68	80.0	5.571428571428571
200	14	-1	70	90.0	6.285714285714286
200	14	-1	71	92.0	6.428571428571429
200	14	-1	57	105.0	7.357142857142857
200	14	-1	58	98.0	7.0
200	14	-1	64	85.0	5.928571428571429
200	14	-1	61	96.0	6.428571428571429
200	14	-1	62	86.0	5.857142857142857
200	14	-1	142	84.0	6.0
200	14	-1	69	86.0	6.142857142857143
200	14	-1	59	99.0	7.071428571428571
200	14	-1	77	84.0	5.714285714285714
200	14	-1	78	96.0	6.571428571428571
200	14	-1	76	90.0	6.428571428571429
200	14	-1	55	99.0	6.785714285714286
200	14	-1	151	81.0	5.5
200	14	-1	148	92.0	6.428571428571429
200	14	-1	63	88.0	6.0
200	14	-1	67	85.0	6.071428571428571
200	14	-1	65	82.0	5.571428571428571
200	14	-1	107	82.0	5.714285714285714
200	14	-1	114	84.0	6.0
200	14	-1	108	93.0	5.928571428571429
200	14	-1	103	88.0	6.142857142857143
200	14	-1	112	90.0	6.285714285714286
200	14	-1	102	85.0	6.071428571428571
200	14	-1	113	89.0	6.071428571428571
200	14	-1	109	97.0	6.642857142857143
200	14	-1	100	85.0	5.642857142857143
200	14	-1	115	86.0	6.0
200	14	-1	116	87.0	6.071428571428571
200	14	-1	105	89.0	6.214285714285714
200	14	-1	111	89.0	6.214285714285714
200	14	-1	117	68.0	4.428571428571429
200	14	-1	104	80.0	5.571428571428571
200	14	-1	106	83.0	5.785714285714286
200	14	-1	56	83.0	5.928571428571429
200	14	-1	143	83.0	5.785714285714286
200	14	-1	144	79.0	5.642857142857143
200	14	-1	139	84.0	6.0
200	14	-1	127	89.0	6.214285714285714
200	14	-1	124	79.0	5.5
200	14	-1	134	80.0	5.571428571428571
200	14	-1	128	82.0	5.857142857142857
200	14	-1	130	97.0	6.785714285714286
200	14	-1	133	96.0	6.571428571428571
200	14	-1	135	93.0	6.357142857142857
200	14	-1	110	83.0	5.785714285714286
200	14	-1	123	87.0	5.785714285714286
200	14	-1	132	86.0	5.857142857142857
200	14	-1	121	86.0	6.0
200	14	-1	126	75.0	4.785714285714286
200	14	-1	122	95.0	6.5
200	14	-1	66	79.0	5.357142857142857
200	14	-1	118	97.0	6.785714285714286
200	14	-1	131	91.0	6.5
200	14	-1	161	67.0	4.642857142857143
200	14	-1	154	81.0	5.785714285714286
200	14	-1	170	86.0	5.714285714285714
200	14	-1	169	92.0	6.285714285714286
200	14	-1	159	90.0	6.285714285714286
200	14	-1	163	74.0	5.285714285714286
200	14	-1	166	101.0	6.928571428571429
200	14	-1	156	95.0	6.642857142857143
200	14	-1	162	87.0	5.928571428571429
200	14	-1	158	95.0	6.642857142857143
200	14	-1	167	76.0	5.428571428571429
200	14	-1	171	92.0	6.285714285714286
200	14	-1	164	90.0	6.428571428571429
200	14	-1	157	93.0	6.5
200	14	-1	165	92.0	6.142857142857143
200	14	-1	160	90.0	6.285714285714286
200	14	-1	26	78.0	5.285714285714286
200	14	-1	25	82.0	5.857142857142857
200	14	-1	18	80.0	5.714285714285714
200	14	-1	17	83.0	5.785714285714286
200	14	-1	19	84.0	6.0
200	14	-1	24	88.0	6.0
200	14	-1	23	89.0	6.214285714285714
200	14	-1	168	80.0	5.428571428571429
200	14	-1	20	92.0	6.285714285714286
200	14	-1	189	88.0	6.142857142857143
200	14	-1	199	78.0	5.428571428571429
200	14	-1	195	81.0	5.785714285714286
200	14	-1	194	94.0	6.428571428571429
200	14	-1	16	96.0	6.714285714285714
200	14	-1	191	101.0	6.928571428571429
200	14	-1	193	89.0	5.928571428571429
200	14	-1	120	97.0	6.785714285714286
200	14	-1	198	85.0	5.928571428571429
200	14	-1	192	81.0	5.642857142857143
200	14	-1	4	85.0	5.928571428571429
200	14	-1	3	84.0	5.857142857142857
200	14	-1	15	82.0	5.285714285714286
200	14	-1	37	79.0	5.357142857142857
200	14	-1	40	88.0	5.857142857142857
200	14	-1	42	83.0	5.785714285714286
200	14	-1	45	97.0	6.5
200	14	-1	43	107.0	7.357142857142857
200	14	-1	44	82.0	5.857142857142857
200	14	-1	39	94.0	6.571428571428571
200	14	-1	21	80.0	5.571428571428571
200	14	-1	22	98.0	6.857142857142857
200	14	-1	84	82.0	5.714285714285714
200	14	-1	83	100.0	6.857142857142857
200	14	-1	155	93.0	6.357142857142857
200	14	-1	129	86.0	5.857142857142857
200	14	-1	119	110.0	7.714285714285714
200	14	-1	73	98.0	6.428571428571429
200	14	-1	190	100.0	6.714285714285714
200	14	-1	38	81.0	5.5
200	14	-1	46	83.0	5.642857142857143
200	14	-1	41	88.0	6.285714285714286
200	14	-1	5	76.0	5.285714285714286
200	14	-1	0	87.0	5.928571428571429
200	14	-1	74	89.0	6.071428571428571
200	14	-1	86	83.0	5.071428571428571
200	14	-1	85	88.0	5.714285714285714
200	14	-1	89	90.0	6.285714285714286
200	14	-1	88	95.0	6.214285714285714
200	14	-1	87	81.0	5.357142857142857
200	14	-1	90	93.0	6.357142857142857
200	14	-1	196	80.0	5.571428571428571
200	14	-1	8	80.0	5.571428571428571
200	14	-1	9	87.0	6.214285714285714
200	14	-1	146	89.0	6.357142857142857
200	14	-1	6	87.0	5.785714285714286
200	14	-1	7	91.0	6.214285714285714
200	14	-1	32	80.0	5.428571428571429
200	14	-1	31	81.0	5.642857142857143
200	14	-1	30	79.0	5.642857142857143
200	14	-1	28	87.0	6.214285714285714
200	14	-1	34	96.0	6.571428571428571
200	14	-1	35	86.0	5.714285714285714
200	14	-1	36	91.0	6.071428571428571
200	14	-1	33	87.0	6.214285714285714
200	14	-1	27	88.0	6.142857142857143
200	14	-1	29	98.0	6.571428571428571
200	14	-1	14	98.0	7.0
200	14	-1	10	88.0	6.0
200	14	-1	79	86.0	6.0
200	14	-1	12	83.0	5.928571428571429
200	14	-1	13	83.0	5.928571428571429
200	14	-1	11	84.0	6.0
200	14	-1	2	94.0	6.142857142857143
200	14	-1	1	80.0	5.571428571428571
200	14	-1	82	83.0	5.928571428571429
200	14	-1	80	95.0	6.785714285714286
200	14	-1	81	88.0	6.142857142857143
200	14	-1	54	87.0	5.785714285714286
200	14	-1	47	84.0	5.857142857142857
200	14	-1	49	92.0	6.285714285714286
200	14	-1	52	91.0	6.5
200	14	-1	51	99.0	6.928571428571429
200	14	-1	50	86.0	6.0
200	14	-1	53	86.0	6.0
200	14	-1	93	82.0	5.571428571428571
200	14	-1	96	87.0	6.071428571428571
200	14	-1	91	93.0	5.928571428571429
200	14	-1	94	91.0	6.071428571428571
200	14	-1	99	84.0	5.714285714285714
200	14	-1	98	99.0	6.785714285714286
200	14	-1	97	102.0	7.0
200	14	-1	95	93.0	6.357142857142857
200	14	-1	72	84.0	5.857142857142857
200	14	-1	75	82.0	5.714285714285714
200	14	-1	172	79.0	5.357142857142857
200	14	-1	187	83.0	5.928571428571429
200	14	-1	178	88.0	5.857142857142857
200	14	-1	186	100.0	6.857142857142857
200	14	-1	180	79.0	5.5
200	14	-1	182	84.0	6.0
200	14	-1	188	92.0	6.142857142857143
200	14	-1	174	93.0	5.928571428571429
200	14	-1	176	88.0	6.142857142857143
200	14	-1	175	95.0	6.5
200	14	-1	181	85.0	5.642857142857143
200	14	-1	173	91.0	6.214285714285714
200	14	-1	183	89.0	6.214285714285714
200	14	-1	179	86.0	6.142857142857143
200	14	-1	184	89.0	6.214285714285714
200	14	-1	177	89.0	6.214285714285714
200	14	-1	185	91.0	6.214285714285714
