500	850	3	156	55171.0	7.0458823529411765	0.03886055946350098
500	850	3	99	53848.0	7.04235294117647	0.03689384460449219
500	850	3	62	56694.0	7.141176470588236	0.03774738311767578
500	850	3	198	55153.0	7.0458823529411765	0.037302494049072266
500	850	3	77	54771.0	6.9941176470588236	0.037088871002197266
500	850	3	116	57387.0	7.1635294117647055	0.037932634353637695
500	850	3	14	56718.0	7.16	0.03881120681762695
500	850	3	110	54517.0	7.0717647058823525	0.03756403923034668
500	850	3	20	56263.0	7.14	0.03784012794494629
500	850	3	31	56272.0	7.103529411764706	0.03820013999938965
500	850	3	74	55227.0	7.064705882352941	0.03727889060974121
500	850	3	151	55530.0	7.091764705882353	0.038156747817993164
500	850	3	21	55547.0	7.06	0.036902666091918945
500	850	3	158	56316.0	7.127058823529412	0.03827166557312012
500	850	3	28	55721.0	7.0458823529411765	0.03664231300354004
500	850	3	8	56282.0	7.129411764705883	0.038457393646240234
500	850	3	114	55623.0	7.057647058823529	0.037421226501464844
500	850	3	168	57071.0	7.135294117647059	0.03888821601867676
500	850	3	181	55032.0	7.051764705882353	0.03795742988586426
500	850	3	101	56246.0	7.094117647058823	0.037201881408691406
500	850	3	97	56619.0	7.151764705882353	0.0389404296875
500	850	3	175	52553.0	6.982352941176471	0.038565874099731445
500	850	3	108	58588.0	7.138823529411765	0.03672361373901367
500	850	3	83	55300.0	7.096470588235294	0.03731489181518555
500	850	3	58	54054.0	7.021176470588236	0.03823995590209961
500	850	3	104	55431.0	7.081176470588235	0.037981510162353516
500	850	3	88	53958.0	6.983529411764706	0.03606772422790527
500	850	3	91	54761.0	7.048235294117647	0.03764486312866211
500	850	3	153	54291.0	6.944705882352941	0.0361483097076416
500	850	3	139	55918.0	7.138823529411765	0.03780364990234375
500	850	3	121	55499.0	7.041176470588235	0.03711700439453125
500	850	3	7	54236.0	7.068235294117647	0.03738713264465332
500	850	3	107	55426.0	7.035294117647059	0.0372776985168457
500	850	3	195	56593.0	7.147058823529412	0.037267446517944336
500	850	3	133	54747.0	7.022352941176471	0.03755068778991699
500	850	3	146	56674.0	7.129411764705883	0.037567138671875
500	850	3	56	54881.0	7.083529411764706	0.03743386268615723
500	850	3	34	56417.0	7.121176470588235	0.03776383399963379
500	850	3	100	54808.0	7.051764705882353	0.03804659843444824
500	850	3	26	55527.0	7.090588235294118	0.03931474685668945
500	850	3	75	55798.0	7.138823529411765	0.03784656524658203
500	850	3	127	53489.0	6.963529411764706	0.036905765533447266
500	850	3	10	57164.0	7.136470588235294	0.038550615310668945
500	850	3	13	56049.0	7.104705882352941	0.03810262680053711
500	850	3	18	55082.0	7.084705882352941	0.03702902793884277
500	850	3	51	53799.0	7.02	0.03941845893859863
500	850	3	103	55654.0	7.1129411764705885	0.03770804405212402
500	850	3	73	57924.0	7.167058823529412	0.038420915603637695
500	850	3	162	55645.0	7.027058823529412	0.03629446029663086
500	850	3	199	56928.0	7.129411764705883	0.03764939308166504
500	850	3	130	56436.0	7.117647058823529	0.040015220642089844
500	850	3	126	54794.0	7.047058823529412	0.03692889213562012
500	850	3	50	56549.0	7.114117647058824	0.0389251708984375
500	850	3	147	55812.0	7.110588235294117	0.03717494010925293
500	850	3	188	54307.0	6.982352941176471	0.036952972412109375
500	850	3	35	56110.0	7.084705882352941	0.03819465637207031
500	850	3	113	54188.0	7.0188235294117645	0.03751635551452637
500	850	3	154	55359.0	7.034117647058824	0.03736233711242676
500	850	3	92	55970.0	7.068235294117647	0.03758883476257324
500	850	3	94	56821.0	7.097647058823529	0.03815150260925293
500	850	3	25	55964.0	7.068235294117647	0.04058527946472168
500	850	3	125	55153.0	7.024705882352941	0.0370182991027832
500	850	3	49	56133.0	7.151764705882353	0.03939390182495117
500	850	3	41	55920.0	7.0988235294117645	0.037747859954833984
500	850	3	86	56545.0	7.125882352941177	0.0389103889465332
500	850	3	24	56318.0	7.178823529411765	0.039488792419433594
500	850	3	89	54552.0	6.931764705882353	0.036116838455200195
500	850	3	148	56197.0	7.074117647058824	0.038022518157958984
500	850	3	140	53910.0	7.030588235294117	0.0376591682434082
500	850	3	44	54931.0	7.052941176470588	0.03779911994934082
500	850	3	109	56983.0	7.125882352941177	0.03774714469909668
500	850	3	59	56832.0	7.183529411764706	0.03831624984741211
500	850	3	161	54024.0	7.007058823529412	0.037015676498413086
500	850	3	170	54844.0	7.04	0.03728747367858887
500	850	3	87	56519.0	7.121176470588235	0.03788876533508301
500	850	3	69	52913.0	6.956470588235294	0.03708839416503906
500	850	3	119	54330.0	7.014117647058823	0.03743147850036621
500	850	3	142	55412.0	7.063529411764706	0.03694963455200195
500	850	3	5	54287.0	7.027058823529412	0.04063248634338379
500	850	3	165	53563.0	7.024705882352941	0.0366368293762207
500	850	3	167	57425.0	7.210588235294118	0.03813910484313965
500	850	3	82	54767.0	7.088235294117647	0.037752628326416016
500	850	3	177	55237.0	7.097647058823529	0.04132437705993652
500	850	3	52	56927.0	7.114117647058824	0.039218902587890625
500	850	3	78	53221.0	6.944705882352941	0.03679680824279785
500	850	3	159	57896.0	7.24	0.03935527801513672
500	850	3	16	55940.0	7.117647058823529	0.03771471977233887
500	850	3	98	55173.0	7.092941176470588	0.03787350654602051
500	850	3	155	55298.0	7.08	0.03696489334106445
500	850	3	95	53043.0	6.94	0.03670191764831543
500	850	3	184	56032.0	7.141176470588236	0.038164615631103516
500	850	3	122	55231.0	7.076470588235294	0.03711962699890137
500	850	3	84	54972.0	7.023529411764706	0.03649091720581055
500	850	3	163	59036.0	7.157647058823529	0.03772878646850586
500	850	3	33	55541.0	7.109411764705882	0.037752628326416016
500	850	3	193	55920.0	7.124705882352941	0.03792262077331543
500	850	3	79	54353.0	7.027058823529412	0.03683924674987793
500	850	3	55	55135.0	7.125882352941177	0.03909611701965332
500	850	3	32	56702.0	7.129411764705883	0.03828716278076172
500	850	3	171	54604.0	7.054117647058823	0.03954434394836426
500	850	3	131	54733.0	7.052941176470588	0.03860306739807129
500	850	3	164	56100.0	7.049411764705883	0.037499189376831055
500	850	3	70	54839.0	7.029411764705882	0.03732657432556152
500	850	3	111	55043.0	7.076470588235294	0.03807473182678223
500	850	3	187	58165.0	7.252941176470588	0.03865456581115723
500	850	3	57	53577.0	6.972941176470588	0.03842759132385254
500	850	3	178	55983.0	7.144705882352941	0.03826022148132324
500	850	3	30	55122.0	7.049411764705883	0.03780841827392578
500	850	3	174	55576.0	7.091764705882353	0.03961801528930664
500	850	3	129	53172.0	7.0	0.03847384452819824
500	850	3	136	58356.0	7.225882352941176	0.03812980651855469
500	850	3	115	55866.0	7.094117647058823	0.03761005401611328
500	850	3	23	53940.0	6.9811764705882355	0.036644935607910156
500	850	3	194	56993.0	7.135294117647059	0.038252830505371094
500	850	3	141	53333.0	6.984705882352941	0.036225080490112305
500	850	3	68	55503.0	7.090588235294118	0.03769087791442871
500	850	3	27	53512.0	6.988235294117647	0.03717184066772461
500	850	3	197	54980.0	7.051764705882353	0.03730058670043945
500	850	3	118	56908.0	7.16	0.038445234298706055
500	850	3	2	55426.0	7.07764705882353	0.0392606258392334
500	850	3	76	55308.0	7.075294117647059	0.037050724029541016
500	850	3	179	55839.0	7.128235294117647	0.03857922554016113
500	850	3	117	55200.0	7.063529411764706	0.03802824020385742
500	850	3	132	56395.0	7.144705882352941	0.04244422912597656
500	850	3	124	57277.0	7.229411764705882	0.0384669303894043
500	850	3	17	55843.0	7.102352941176471	0.03744769096374512
500	850	3	65	56010.0	7.134117647058823	0.038088083267211914
500	850	3	66	57542.0	7.216470588235294	0.038549184799194336
500	850	3	93	59207.0	7.22	0.03775811195373535
500	850	3	43	54670.0	7.084705882352941	0.037506103515625
500	850	3	172	55886.0	7.094117647058823	0.03928637504577637
500	850	3	173	56582.0	7.131764705882353	0.03935527801513672
500	850	3	39	56202.0	7.105882352941176	0.037573814392089844
500	850	3	144	57578.0	7.1647058823529415	0.03849482536315918
500	850	3	137	56227.0	7.172941176470588	0.03885173797607422
500	850	3	106	57223.0	7.1635294117647055	0.03732776641845703
500	850	3	196	56592.0	7.138823529411765	0.037293195724487305
500	850	3	183	57681.0	7.144705882352941	0.037728071212768555
500	850	3	134	53728.0	6.964705882352941	0.03773856163024902
500	850	3	40	55426.0	7.075294117647059	0.037638187408447266
500	850	3	180	55258.0	7.08235294117647	0.036789894104003906
500	850	3	29	55316.0	7.091764705882353	0.03816485404968262
500	850	3	81	55725.0	7.067058823529412	0.03720664978027344
500	850	3	11	55883.0	7.151764705882353	0.038352251052856445
500	850	3	135	54552.0	6.96	0.03626608848571777
500	850	3	105	54663.0	7.067058823529412	0.03727388381958008
500	850	3	150	55714.0	7.12235294117647	0.03733372688293457
500	850	3	63	55314.0	7.044705882352941	0.038496971130371094
500	850	3	166	56349.0	7.024705882352941	0.0359649658203125
500	850	3	36	55546.0	7.065882352941176	0.03694748878479004
500	850	3	60	55569.0	7.095294117647059	0.03763866424560547
500	850	3	0	55068.0	7.065882352941176	0.042174577713012695
500	850	3	149	57987.0	7.191764705882353	0.03839921951293945
500	850	3	3	52964.0	6.924705882352941	0.038831472396850586
500	850	3	15	55608.0	7.108235294117647	0.03856778144836426
500	850	3	54	54607.0	7.036470588235294	0.03859829902648926
500	850	3	145	55732.0	7.068235294117647	0.03654074668884277
