500	68	3	34	749.0	7.102941176470588	0.0036203861236572266
500	68	3	22	851.0	6.985294117647059	0.0035665035247802734
500	68	3	69	713.0	6.75	0.003261566162109375
500	68	3	178	706.0	6.823529411764706	0.0035796165466308594
500	68	3	70	879.0	7.161764705882353	0.0037043094635009766
500	68	3	181	901.0	7.1911764705882355	0.0037593841552734375
500	68	3	199	762.0	6.9411764705882355	0.0034084320068359375
500	68	3	197	824.0	7.205882352941177	0.003730297088623047
500	68	3	124	894.0	7.470588235294118	0.003835916519165039
500	68	3	122	867.0	7.1911764705882355	0.0036056041717529297
500	68	3	40	735.0	6.955882352941177	0.003497600555419922
500	68	3	151	700.0	6.882352941176471	0.0036630630493164062
500	68	3	126	761.0	6.955882352941177	0.003359079360961914
500	68	3	39	743.0	6.779411764705882	0.0033020973205566406
500	68	3	114	753.0	6.544117647058823	0.0032515525817871094
500	68	3	17	795.0	6.897058823529412	0.003365755081176758
500	68	3	16	842.0	7.264705882352941	0.0036160945892333984
500	68	3	18	882.0	7.352941176470588	0.003657817840576172
500	68	3	36	732.0	6.9411764705882355	0.0034172534942626953
500	68	3	41	836.0	7.205882352941177	0.0035779476165771484
500	68	3	152	787.0	7.367647058823529	0.0038099288940429688
500	68	3	63	736.0	6.705882352941177	0.0035109519958496094
500	68	3	113	760.0	7.235294117647059	0.003890514373779297
500	68	3	33	765.0	6.955882352941177	0.0036051273345947266
500	68	3	118	770.0	6.764705882352941	0.0033462047576904297
500	68	3	196	802.0	6.823529411764706	0.0034995079040527344
500	68	3	13	819.0	7.1911764705882355	0.0038192272186279297
500	68	3	15	758.0	6.911764705882353	0.003495931625366211
500	68	3	11	818.0	7.205882352941177	0.003725290298461914
500	68	3	130	718.0	6.911764705882353	0.0038688182830810547
500	68	3	8	758.0	7.0588235294117645	0.0035386085510253906
500	68	3	140	739.0	6.955882352941177	0.0035512447357177734
500	68	3	121	789.0	6.867647058823529	0.0034189224243164062
500	68	3	144	869.0	7.338235294117647	0.0037925243377685547
500	68	3	149	840.0	7.323529411764706	0.0037839412689208984
500	68	3	111	863.0	7.25	0.0038661956787109375
500	68	3	68	722.0	6.882352941176471	0.003354787826538086
500	68	3	26	720.0	6.852941176470588	0.0039560794830322266
500	68	3	27	819.0	7.161764705882353	0.004208564758300781
500	68	3	184	783.0	7.073529411764706	0.0037894248962402344
500	68	3	119	810.0	7.088235294117647	0.0037314891815185547
500	68	3	193	799.0	7.014705882352941	0.003568887710571289
500	68	3	73	808.0	7.205882352941177	0.003611326217651367
500	68	3	150	807.0	7.338235294117647	0.003661632537841797
500	68	3	142	868.0	7.117647058823529	0.0036716461181640625
500	68	3	188	829.0	7.161764705882353	0.0035753250122070312
500	68	3	183	782.0	7.0588235294117645	0.003648042678833008
500	68	3	60	856.0	7.264705882352941	0.003884553909301758
500	68	3	50	739.0	6.75	0.003676891326904297
500	68	3	52	822.0	7.176470588235294	0.00400090217590332
500	68	3	28	774.0	6.823529411764706	0.0034334659576416016
500	68	3	146	805.0	7.397058823529412	0.0037169456481933594
500	68	3	2	810.0	7.294117647058823	0.004131317138671875
500	68	3	86	712.0	6.911764705882353	0.0034885406494140625
500	68	3	89	763.0	6.926470588235294	0.0034706592559814453
500	68	3	59	843.0	7.338235294117647	0.003766775131225586
500	68	3	74	802.0	7.411764705882353	0.0038123130798339844
500	68	3	87	875.0	7.514705882352941	0.003842592239379883
500	68	3	187	796.0	7.294117647058823	0.003927946090698242
500	68	3	51	677.0	6.632352941176471	0.003778696060180664
500	68	3	44	746.0	6.764705882352941	0.003449678421020508
500	68	3	29	745.0	6.367647058823529	0.0030918121337890625
500	68	3	32	800.0	7.117647058823529	0.0036575794219970703
500	68	3	77	755.0	6.632352941176471	0.003519773483276367
500	68	3	116	800.0	6.852941176470588	0.0034058094024658203
500	68	3	75	797.0	7.073529411764706	0.003685474395751953
500	68	3	125	799.0	6.926470588235294	0.0034422874450683594
500	68	3	78	805.0	7.073529411764706	0.0035648345947265625
500	68	3	194	787.0	6.955882352941177	0.00370025634765625
500	68	3	47	767.0	6.897058823529412	0.003921985626220703
500	68	3	66	814.0	7.617647058823529	0.004098653793334961
500	68	3	179	691.0	6.779411764705882	0.0035865306854248047
500	68	3	120	737.0	6.926470588235294	0.003401041030883789
500	68	3	46	767.0	6.897058823529412	0.004029273986816406
500	68	3	14	857.0	7.3088235294117645	0.0037751197814941406
500	68	3	91	716.0	6.735294117647059	0.0033082962036132812
500	68	3	139	892.0	7.294117647058823	0.0037589073181152344
500	68	3	84	845.0	7.338235294117647	0.0036427974700927734
500	68	3	165	721.0	6.985294117647059	0.003400087356567383
500	68	3	82	812.0	6.9411764705882355	0.0036468505859375
500	68	3	158	848.0	7.147058823529412	0.0037016868591308594
500	68	3	167	785.0	6.897058823529412	0.0033583641052246094
500	68	3	131	902.0	7.5	0.004343986511230469
500	68	3	76	839.0	7.132352941176471	0.003765106201171875
500	68	3	129	799.0	7.102941176470588	0.004149436950683594
500	68	3	92	775.0	7.3088235294117645	0.0036356449127197266
500	68	3	115	865.0	7.485294117647059	0.0038704872131347656
500	68	3	175	686.0	6.676470588235294	0.0035097599029541016
500	68	3	127	872.0	7.294117647058823	0.0038061141967773438
500	68	3	163	897.0	7.073529411764706	0.0035963058471679688
500	68	3	88	867.0	7.3088235294117645	0.0038182735443115234
500	68	3	195	805.0	6.926470588235294	0.003427743911743164
500	68	3	31	796.0	7.088235294117647	0.003703594207763672
500	68	3	57	745.0	6.779411764705882	0.0034935474395751953
500	68	3	161	772.0	7.323529411764706	0.0038614273071289062
500	68	3	83	748.0	7.235294117647059	0.0036759376525878906
500	68	3	198	757.0	6.75	0.003301858901977539
500	68	3	166	749.0	7.132352941176471	0.0036122798919677734
500	68	3	5	797.0	7.1911764705882355	0.004118919372558594
500	68	3	159	810.0	6.852941176470588	0.003421783447265625
500	68	3	49	805.0	7.338235294117647	0.00401759147644043
500	68	3	162	788.0	7.088235294117647	0.003492593765258789
500	68	3	145	866.0	7.352941176470588	0.003750324249267578
500	68	3	25	797.0	7.397058823529412	0.0042836666107177734
500	68	3	7	836.0	7.323529411764706	0.0038328170776367188
500	68	3	164	780.0	7.029411764705882	0.0035855770111083984
500	68	3	156	853.0	7.3088235294117645	0.004030704498291016
500	68	3	135	813.0	7.455882352941177	0.0039048194885253906
500	68	3	65	770.0	7.0	0.003662586212158203
500	68	3	171	767.0	7.132352941176471	0.0040934085845947266
500	68	3	79	826.0	6.794117647058823	0.0033698081970214844
500	68	3	81	749.0	6.867647058823529	0.0034646987915039062
500	68	3	58	846.0	7.088235294117647	0.0036301612854003906
500	68	3	148	713.0	6.632352941176471	0.003298044204711914
500	68	3	170	822.0	7.147058823529412	0.003679990768432617
500	68	3	90	826.0	7.323529411764706	0.003690958023071289
500	68	3	133	850.0	7.235294117647059	0.003831624984741211
500	68	3	43	762.0	7.176470588235294	0.0037038326263427734
500	68	3	147	806.0	7.147058823529412	0.0035538673400878906
500	68	3	180	774.0	6.911764705882353	0.0034759044647216797
500	68	3	6	724.0	7.029411764705882	0.003989219665527344
500	68	3	56	832.0	7.294117647058823	0.003987550735473633
500	68	3	173	810.0	7.205882352941177	0.004137277603149414
500	68	3	132	718.0	6.823529411764706	0.0036885738372802734
500	68	3	136	899.0	7.602941176470588	0.003957033157348633
500	68	3	35	777.0	6.955882352941177	0.0034894943237304688
500	68	3	168	825.0	7.279411764705882	0.003675222396850586
500	68	3	141	803.0	7.3088235294117645	0.0038237571716308594
500	68	3	153	797.0	6.867647058823529	0.0033113956451416016
500	68	3	117	696.0	6.794117647058823	0.0034742355346679688
500	68	3	172	801.0	7.1911764705882355	0.0041120052337646484
500	68	3	23	798.0	7.029411764705882	0.0033915042877197266
500	68	3	177	707.0	6.985294117647059	0.004000186920166016
500	68	3	30	855.0	7.514705882352941	0.0041277408599853516
500	68	3	0	807.0	7.161764705882353	0.004153013229370117
500	68	3	62	817.0	7.132352941176471	0.003782987594604492
500	68	3	54	670.0	6.5	0.0033512115478515625
500	68	3	10	772.0	7.235294117647059	0.003778696060180664
500	68	3	45	821.0	7.132352941176471	0.004180192947387695
500	68	3	24	813.0	7.279411764705882	0.0042476654052734375
500	68	3	21	807.0	6.926470588235294	0.0033254623413085938
500	68	3	174	799.0	7.073529411764706	0.003789186477661133
500	68	3	20	805.0	7.514705882352941	0.003781557083129883
500	68	3	48	716.0	6.823529411764706	0.0039179325103759766
500	68	3	3	744.0	7.117647058823529	0.004133462905883789
500	68	3	134	732.0	6.970588235294118	0.0038971900939941406
500	68	3	55	760.0	7.264705882352941	0.0038530826568603516
500	68	3	154	815.0	6.985294117647059	0.0035996437072753906
500	68	3	137	799.0	7.25	0.003921031951904297
500	68	3	108	886.0	7.470588235294118	0.0037250518798828125
500	68	3	155	714.0	6.882352941176471	0.0034379959106445312
500	68	3	103	822.0	7.205882352941177	0.003660440444946289
500	68	3	110	708.0	7.0	0.0034537315368652344
500	68	3	99	768.0	6.588235294117647	0.0032935142517089844
500	68	3	97	901.0	7.3088235294117645	0.003866910934448242
500	68	3	104	769.0	7.044117647058823	0.0034885406494140625
500	68	3	94	774.0	6.647058823529412	0.0033440589904785156
500	68	3	101	843.0	7.25	0.0036356449127197266
500	68	3	106	843.0	7.426470588235294	0.0037436485290527344
500	68	3	107	771.0	7.3088235294117645	0.003694772720336914
500	68	3	98	771.0	7.132352941176471	0.0036306381225585938
500	68	3	100	722.0	6.823529411764706	0.0034949779510498047
500	68	3	93	713.0	6.838235294117647	0.003482818603515625
500	68	3	105	856.0	7.382352941176471	0.0036993026733398438
500	68	3	109	850.0	7.117647058823529	0.003737926483154297
500	68	3	95	797.0	7.220588235294118	0.0037882328033447266
