500	1020	3	99	76054.0	7.031372549019608	0.044371843338012695
500	1020	3	74	78419.0	7.059803921568627	0.04469633102416992
500	1020	3	156	77746.0	7.068627450980392	0.04479241371154785
500	1020	3	26	78013.0	7.069607843137255	0.04617476463317871
500	1020	3	8	79578.0	7.141176470588236	0.04525160789489746
500	1020	3	20	79508.0	7.12156862745098	0.045136451721191406
500	1020	3	77	76706.0	6.970588235294118	0.043947696685791016
500	1020	3	151	78675.0	7.102941176470588	0.045336246490478516
500	1020	3	18	77292.0	7.056862745098039	0.04385995864868164
500	1020	3	103	79022.0	7.12156862745098	0.04537773132324219
500	1020	3	97	79288.0	7.1156862745098035	0.046002864837646484
500	1020	3	28	78424.0	7.047058823529412	0.04401707649230957
500	1020	3	75	80299.0	7.171568627450981	0.04569220542907715
500	1020	3	31	78582.0	7.064705882352941	0.04529762268066406
500	1020	3	110	77113.0	7.059803921568627	0.0447390079498291
500	1020	3	148	79496.0	7.098039215686274	0.045302629470825195
500	1020	3	198	78598.0	7.076470588235294	0.04487013816833496
500	1020	3	62	80010.0	7.162745098039216	0.04558253288269043
500	1020	3	153	77444.0	6.972549019607843	0.04356241226196289
500	1020	3	170	78321.0	7.075490196078431	0.045952558517456055
500	1020	3	21	78695.0	7.048039215686274	0.04393625259399414
500	1020	3	167	80657.0	7.171568627450981	0.04536724090576172
500	1020	3	127	75642.0	6.986274509803922	0.04433941841125488
500	1020	3	175	75433.0	7.01078431372549	0.0463407039642334
500	1020	3	133	78502.0	7.047058823529412	0.04476571083068848
500	1020	3	114	79028.0	7.076470588235294	0.044703006744384766
500	1020	3	101	79902.0	7.1196078431372545	0.04482126235961914
500	1020	3	7	76619.0	7.053921568627451	0.04451942443847656
500	1020	3	188	76366.0	6.958823529411765	0.043958425521850586
500	1020	3	56	78298.0	7.06078431372549	0.045685768127441406
500	1020	3	116	80843.0	7.159803921568628	0.04617142677307129
500	1020	3	108	82471.0	7.151960784313726	0.04381203651428223
500	1020	3	14	80513.0	7.169607843137255	0.04608511924743652
500	1020	3	91	77505.0	7.048039215686274	0.044763803482055664
500	1020	3	58	76837.0	7.014705882352941	0.04525017738342285
500	1020	3	10	80813.0	7.116666666666666	0.04533839225769043
500	1020	3	69	75556.0	6.954901960784314	0.04415464401245117
500	1020	3	88	76836.0	7.0	0.043184757232666016
500	1020	3	73	80199.0	7.1343137254901965	0.04555344581604004
500	1020	3	125	76826.0	7.0019607843137255	0.044258832931518555
500	1020	3	162	79817.0	7.0852941176470585	0.04433083534240723
500	1020	3	86	79622.0	7.1	0.04604053497314453
500	1020	3	41	78686.0	7.088235294117647	0.04506635665893555
500	1020	3	147	78553.0	7.097058823529411	0.04484820365905762
500	1020	3	43	77639.0	7.067647058823529	0.04491376876831055
500	1020	3	158	78592.0	7.08235294117647	0.044855356216430664
500	1020	3	24	79993.0	7.173529411764706	0.046878814697265625
500	1020	3	92	78934.0	7.0588235294117645	0.044025421142578125
500	1020	3	59	80061.0	7.165686274509804	0.04607844352722168
500	1020	3	165	76614.0	7.047058823529412	0.04379582405090332
500	1020	3	140	77222.0	7.072549019607843	0.04531145095825195
500	1020	3	168	79794.0	7.096078431372549	0.04508566856384277
500	1020	3	109	79512.0	7.117647058823529	0.04527401924133301
500	1020	3	27	76100.0	7.011764705882353	0.04576921463012695
500	1020	3	100	77045.0	7.034313725490196	0.04512190818786621
500	1020	3	126	76669.0	7.01078431372549	0.04364323616027832
500	1020	3	146	80362.0	7.158823529411765	0.04511523246765137
500	1020	3	181	77307.0	7.042156862745098	0.04492521286010742
500	1020	3	159	82220.0	7.254901960784314	0.045983076095581055
500	1020	3	119	76827.0	7.016666666666667	0.044645071029663086
500	1020	3	83	78931.0	7.120588235294117	0.04492449760437012
500	1020	3	104	77758.0	7.052941176470588	0.04459834098815918
500	1020	3	154	77503.0	7.01078431372549	0.044078826904296875
500	1020	3	121	78870.0	7.076470588235294	0.0453336238861084
500	1020	3	13	79515.0	7.11078431372549	0.04583477973937988
500	1020	3	23	76948.0	7.007843137254902	0.044242143630981445
500	1020	3	87	80278.0	7.107843137254902	0.04521465301513672
500	1020	3	95	75444.0	6.9372549019607845	0.043801307678222656
500	1020	3	33	78803.0	7.079411764705882	0.04508495330810547
500	1020	3	111	77773.0	7.0813725490196076	0.045278310775756836
500	1020	3	161	76160.0	6.982352941176471	0.043808698654174805
500	1020	3	107	79223.0	7.075490196078431	0.04481005668640137
500	1020	3	113	77122.0	7.027450980392157	0.044576168060302734
500	1020	3	139	79021.0	7.11078431372549	0.04664969444274902
500	1020	3	195	80481.0	7.171568627450981	0.0446934700012207
500	1020	3	98	78027.0	7.097058823529411	0.04538226127624512
500	1020	3	16	78591.0	7.116666666666666	0.04490160942077637
500	1020	3	49	78931.0	7.118627450980392	0.04664874076843262
500	1020	3	34	79738.0	7.1196078431372545	0.04493117332458496
500	1020	3	118	81106.0	7.190196078431373	0.0464932918548584
500	1020	3	130	79505.0	7.11078431372549	0.04593777656555176
500	1020	3	50	80115.0	7.122549019607843	0.04786348342895508
500	1020	3	32	80317.0	7.11078431372549	0.04577970504760742
500	1020	3	68	79290.0	7.1117647058823525	0.04526209831237793
500	1020	3	199	80851.0	7.142156862745098	0.045099496841430664
500	1020	3	78	74629.0	6.932352941176471	0.04385542869567871
500	1020	3	115	78924.0	7.1196078431372545	0.044661521911621094
500	1020	3	177	77932.0	7.090196078431372	0.04695296287536621
500	1020	3	82	77574.0	7.066666666666666	0.04477977752685547
500	1020	3	70	77516.0	7.025490196078431	0.044411420822143555
500	1020	3	2	78181.0	7.055882352941176	0.0468902587890625
500	1020	3	124	80698.0	7.211764705882353	0.04576849937438965
500	1020	3	196	81506.0	7.188235294117647	0.04522848129272461
500	1020	3	94	79837.0	7.097058823529411	0.04515647888183594
500	1020	3	51	75960.0	7.019607843137255	0.046474456787109375
500	1020	3	164	78487.0	7.05	0.04533553123474121
500	1020	3	89	77663.0	6.961764705882353	0.04338431358337402
500	1020	3	93	84225.0	7.238235294117647	0.045352935791015625
500	1020	3	179	78931.0	7.126470588235295	0.045436859130859375
500	1020	3	142	78960.0	7.084313725490196	0.04429173469543457
500	1020	3	44	77559.0	7.046078431372549	0.04534316062927246
500	1020	3	79	78172.0	7.0627450980392155	0.044983863830566406
500	1020	3	84	78172.0	7.0588235294117645	0.04425358772277832
500	1020	3	25	79100.0	7.041176470588235	0.04601907730102539
500	1020	3	39	80983.0	7.15	0.04548954963684082
500	1020	3	173	80139.0	7.106862745098039	0.048868417739868164
500	1020	3	137	78060.0	7.129411764705883	0.04540395736694336
500	1020	3	52	80717.0	7.142156862745098	0.04684114456176758
500	1020	3	30	79643.0	7.099019607843137	0.04610443115234375
500	1020	3	194	79838.0	7.125490196078432	0.04579567909240723
500	1020	3	76	78156.0	7.066666666666666	0.04425311088562012
500	1020	3	122	77866.0	7.076470588235294	0.04435014724731445
500	1020	3	184	78888.0	7.133333333333334	0.046286821365356445
500	1020	3	163	82180.0	7.135294117647059	0.04534506797790527
500	1020	3	155	78213.0	7.063725490196078	0.04603171348571777
500	1020	3	193	79106.0	7.1117647058823525	0.0451662540435791
500	1020	3	183	80477.0	7.112745098039215	0.0448460578918457
500	1020	3	5	77681.0	7.057843137254902	0.04932212829589844
500	1020	3	57	75791.0	6.969607843137255	0.04433798789978027
500	1020	3	134	76203.0	6.997058823529412	0.04513430595397949
500	1020	3	197	77902.0	7.023529411764706	0.044332027435302734
500	1020	3	131	78221.0	7.100980392156862	0.04450845718383789
500	1020	3	172	77993.0	7.055882352941176	0.0463409423828125
500	1020	3	132	79545.0	7.146078431372549	0.05146908760070801
500	1020	3	81	78627.0	7.079411764705882	0.0443730354309082
500	1020	3	150	79231.0	7.1343137254901965	0.04491996765136719
500	1020	3	55	78277.0	7.112745098039215	0.04516744613647461
500	1020	3	174	77792.0	7.06078431372549	0.04884958267211914
500	1020	3	171	77630.0	7.076470588235294	0.0456845760345459
500	1020	3	17	78968.0	7.098039215686274	0.04428267478942871
500	1020	3	187	82089.0	7.212745098039216	0.046463727951049805
500	1020	3	178	78168.0	7.103921568627451	0.04508495330810547
500	1020	3	136	81842.0	7.194117647058824	0.044841766357421875
500	1020	3	135	78440.0	7.033333333333333	0.044213056564331055
500	1020	3	11	79170.0	7.150980392156863	0.047325849533081055
500	1020	3	141	76122.0	7.011764705882353	0.043622732162475586
500	1020	3	117	77148.0	7.029411764705882	0.04503059387207031
500	1020	3	129	76302.0	7.035294117647059	0.04594683647155762
500	1020	3	106	81329.0	7.175490196078432	0.045110225677490234
500	1020	3	66	79654.0	7.158823529411765	0.04516124725341797
500	1020	3	65	78871.0	7.136274509803922	0.0459139347076416
500	1020	3	180	78852.0	7.127450980392157	0.0446622371673584
500	1020	3	29	78369.0	7.079411764705882	0.04453396797180176
500	1020	3	105	78087.0	7.065686274509804	0.04421854019165039
500	1020	3	60	77151.0	7.055882352941176	0.04455423355102539
500	1020	3	144	80209.0	7.116666666666666	0.0450901985168457
500	1020	3	63	78764.0	7.050980392156863	0.0451204776763916
500	1020	3	40	79000.0	7.092156862745098	0.045221567153930664
500	1020	3	166	80012.0	7.047058823529412	0.044371843338012695
500	1020	3	149	81534.0	7.162745098039216	0.045909881591796875
500	1020	3	54	78118.0	7.0588235294117645	0.045781612396240234
500	1020	3	0	78258.0	7.080392156862745	0.04596829414367676
500	1020	3	36	78991.0	7.075490196078431	0.0445709228515625
500	1020	3	3	75008.0	6.954901960784314	0.04576587677001953
500	1020	3	15	79014.0	7.117647058823529	0.04700970649719238
500	1020	3	145	78456.0	7.06078431372549	0.04365038871765137
