500	94	3	122	1057.0	7.5212765957446805	 9.714967489242554 
500	94	3	40	993.0	7.053191489361702	 2.3880410194396973 
500	94	3	63	955.0	7.053191489361702	 2.888382911682129 
500	94	3	39	959.0	7.053191489361702	 5.145770072937012 
500	94	3	16	1080.0	7.617021276595745	 8.136952638626099 
500	94	3	181	1068.0	7.553191489361702	 8.809226274490356 
500	94	3	69	986.0	7.127659574468085	 8.620862245559692 
500	94	3	199	1023.0	7.26595744680851	 17.573147773742676 
500	94	3	126	1007.0	7.223404255319149	 12.710167646408081 
500	94	3	119	996.0	7.148936170212766	 7.944223642349243 
500	94	3	144	1071.0	7.776595744680851	 3.8850209712982178 
500	94	3	183	1038.0	7.382978723404255	 10.79697060585022 
500	94	3	89	1058.0	7.404255319148936	 3.1294665336608887 
500	94	3	113	1027.0	7.414893617021277	 4.885103225708008 
500	94	3	140	1005.0	7.24468085106383	 15.852667331695557 
500	94	3	74	1065.0	7.5	 3.0379233360290527 
500	94	3	73	1055.0	7.627659574468085	 4.617499351501465 
500	94	3	150	1063.0	7.6063829787234045	 12.647461891174316 
500	94	3	27	1042.0	7.468085106382978	 3.489569902420044 
500	94	3	51	960.0	6.9787234042553195	 2.7328875064849854 
500	94	3	15	975.0	7.351063829787234	 23.745177507400513 
500	94	3	18	1085.0	7.542553191489362	 5.034532070159912 
500	94	3	52	1086.0	7.595744680851064	 15.343099594116211 
500	94	3	47	1025.0	7.308510638297872	 2.5090014934539795 
500	94	3	114	977.0	7.180851063829787	 41.131412982940674 
500	94	3	76	1002.0	7.25531914893617	 3.565842390060425 
500	94	3	87	1071.0	7.627659574468085	 18.201049089431763 
500	94	3	194	996.0	7.23404255319149	 6.563875675201416 
500	94	3	77	935.0	6.840425531914893	 18.395793676376343 
500	94	3	151	984.0	7.23404255319149	 34.98822784423828 
500	94	3	139	1038.0	7.361702127659575	 7.972887754440308 
500	94	3	188	1073.0	7.5	 13.75055480003357 
500	94	3	22	1057.0	7.4361702127659575	 10.836211204528809 
500	94	3	78	1020.0	7.340425531914893	 14.411986827850342 
500	94	3	13	1096.0	7.787234042553192	 32.124597787857056 
500	94	3	28	1016.0	7.212765957446808	 6.570932149887085 
500	94	3	163	1083.0	7.5638297872340425	 6.2604758739471436 
500	94	3	75	1037.0	7.372340425531915	 13.78901743888855 
500	94	3	88	1093.0	7.6063829787234045	 10.613896608352661 
500	94	3	50	1056.0	7.531914893617022	 18.620842933654785 
500	94	3	146	1041.0	7.5	 9.658223390579224 
500	94	3	124	1085.0	7.670212765957447	 30.348575353622437 
500	94	3	148	956.0	7.085106382978723	 2.9802088737487793 
500	94	3	197	1060.0	7.531914893617022	 52.36104345321655 
500	94	3	162	1025.0	7.3936170212765955	 3.1762514114379883 
500	94	3	91	984.0	7.191489361702128	 27.447084426879883 
500	94	3	158	1060.0	7.425531914893617	 21.154911279678345 
500	94	3	31	1087.0	7.542553191489362	 2.850287437438965 
500	94	3	142	1046.0	7.48936170212766	 15.219791412353516 
500	94	3	57	997.0	7.0638297872340425	 2.7449185848236084 
500	94	3	184	1025.0	7.351063829787234	 30.32981514930725 
500	94	3	131	1117.0	7.6063829787234045	 6.024667978286743 
500	94	3	133	1034.0	7.340425531914893	 5.995980501174927 
500	94	3	136	1117.0	7.904255319148936	 6.736207962036133 
500	94	3	178	977.0	7.117021276595745	 14.024070262908936 
500	94	3	60	1055.0	7.4361702127659575	 35.8278226852417 
500	94	3	175	921.0	6.861702127659575	 4.002825736999512 
500	94	3	159	995.0	7.180851063829787	 9.882359504699707 
500	94	3	59	1087.0	7.585106382978723	 13.907788276672363 
500	94	3	17	979.0	7.138297872340425	 58.665422201156616 
500	94	3	33	1010.0	7.25531914893617	 38.220035552978516 
500	94	3	58	1045.0	7.457446808510638	 15.874401569366455 
500	94	3	65	1015.0	7.414893617021277	 19.259899377822876 
500	94	3	135	1063.0	7.4787234042553195	 4.081197023391724 
500	94	3	130	1004.0	7.23404255319149	 47.345508337020874 
500	94	3	62	1047.0	7.457446808510638	 5.005470514297485 
500	94	3	141	1035.0	7.457446808510638	 2.4530413150787354 
500	94	3	116	1050.0	7.276595744680851	 6.49456000328064 
500	94	3	198	1032.0	7.276595744680851	 12.362100839614868 
500	94	3	68	957.0	6.98936170212766	 52.92883777618408 
500	94	3	43	1046.0	7.468085106382978	 6.780868291854858 
500	94	3	120	1028.0	7.191489361702128	 44.439711570739746 
500	94	3	129	1013.0	7.329787234042553	 16.99463677406311 
500	94	3	29	912.0	6.76595744680851	 42.020450592041016 
500	94	3	83	1044.0	7.468085106382978	 22.34801459312439 
500	94	3	115	1090.0	7.595744680851064	 21.64003562927246 
500	94	3	166	1006.0	7.319148936170213	 20.22239589691162 
500	94	3	8	1008.0	7.23404255319149	 69.06771183013916 
500	94	3	168	1069.0	7.414893617021277	 5.788638353347778 
500	94	3	153	1031.0	7.329787234042553	 23.26310396194458 
500	94	3	46	1011.0	7.180851063829787	 14.303826093673706 
500	94	3	41	1087.0	7.585106382978723	 69.97721076011658 
500	94	3	167	989.0	7.095744680851064	 11.7057626247406 
500	94	3	56	1042.0	7.404255319148936	 2.526947259902954 
500	94	3	121	1017.0	7.287234042553192	 55.62885880470276 
500	94	3	7	1069.0	7.627659574468085	 26.824628114700317 
500	94	3	34	1034.0	7.382978723404255	 22.685927152633667 
500	94	3	177	976.0	7.042553191489362	 14.076713800430298 
500	94	3	179	918.0	6.914893617021277	 36.50951290130615 
500	94	3	118	1029.0	7.372340425531915	 15.112450122833252 
500	94	3	2	1050.0	7.574468085106383	 45.66421937942505 
500	94	3	180	1048.0	7.319148936170213	 31.072144508361816 
500	94	3	127	1031.0	7.361702127659575	 42.27313017845154 
500	94	3	195	1022.0	7.319148936170213	 48.63153076171875 
500	94	3	66	1111.0	7.946808510638298	 43.96949052810669 
500	94	3	25	1052.0	7.446808510638298	 10.393141508102417 
500	94	3	147	1046.0	7.446808510638298	 37.87069272994995 
500	94	3	44	1003.0	7.26595744680851	 22.3577880859375 
500	94	3	154	1048.0	7.340425531914893	 2.8428070545196533 
500	94	3	6	1006.0	7.319148936170213	 31.41472291946411 
500	94	3	170	1067.0	7.5638297872340425	 27.864530086517334 
500	94	3	55	1039.0	7.5	 2.9763076305389404 
500	94	3	14	1079.0	7.776595744680851	 61.24826192855835 
500	94	3	30	1095.0	7.627659574468085	 27.416075944900513 
500	94	3	137	1037.0	7.4787234042553195	 2.6869421005249023 
500	94	3	117	998.0	7.191489361702128	 11.80081295967102 
500	94	3	84	1047.0	7.5	 2.828693389892578 
500	94	3	152	1049.0	7.4787234042553195	 85.62769865989685 
500	94	3	111	1077.0	7.5212765957446805	 20.927491903305054 
500	94	3	132	962.0	7.1063829787234045	 38.80583429336548 
500	94	3	48	992.0	7.170212765957447	 17.713303565979004 
500	94	3	26	962.0	7.042553191489362	 12.81975769996643 
500	94	3	20	1055.0	7.6063829787234045	 41.623340129852295 
500	94	3	196	990.0	7.127659574468085	 107.66150331497192 
500	94	3	172	1052.0	7.574468085106383	 45.3799934387207 
500	94	3	11	1043.0	7.4787234042553195	 105.26604294776917 
500	94	3	86	1021.0	7.4361702127659575	 37.688563108444214 
500	94	3	187	1062.0	7.574468085106383	 74.41272211074829 
500	94	3	193	1006.0	7.276595744680851	 33.60088062286377 
500	94	3	134	961.0	7.01063829787234	 15.493197202682495 
500	94	3	23	1044.0	7.51063829787234	 30.59516143798828 
500	94	3	99	955.0	6.946808510638298	 5.6338441371917725 
500	94	3	54	959.0	6.968085106382978	 66.82942485809326 
500	94	3	173	1029.0	7.4361702127659575	 29.199059009552002 
500	94	3	161	1002.0	7.25531914893617	 16.45790672302246 
500	94	3	81	1005.0	7.287234042553192	 17.06726312637329 
500	94	3	5	1051.0	7.5	 46.516478300094604 
500	94	3	36	1034.0	7.297872340425532	 62.719857692718506 
500	94	3	149	1084.0	7.553191489361702	 104.64600157737732 
500	94	3	32	988.0	7.191489361702128	 105.1985342502594 
500	94	3	24	1041.0	7.5	 66.98144030570984 
500	94	3	103	1064.0	7.617021276595745	 20.820002794265747 
500	94	3	155	985.0	7.202127659574468	 11.120029926300049 
500	94	3	92	1039.0	7.6063829787234045	 103.92404055595398 
500	94	3	82	1031.0	7.223404255319149	 53.17161273956299 
500	94	3	110	994.0	7.117021276595745	 15.923087358474731 
500	94	3	108	1082.0	7.76595744680851	 23.96011185646057 
500	94	3	174	1021.0	7.414893617021277	 16.323217153549194 
500	94	3	145	1098.0	7.829787234042553	 104.2143087387085 
500	94	3	10	1097.0	7.776595744680851	 17.695289611816406 
500	94	3	164	1005.0	7.159574468085107	 104.03189516067505 
500	94	3	94	1024.0	7.23404255319149	 11.031117916107178 
500	94	3	45	1017.0	7.457446808510638	 20.27537226676941 
500	94	3	21	1017.0	7.329787234042553	 72.62654137611389 
500	94	3	70	1004.0	7.297872340425532	 99.33422422409058 
500	94	3	49	1068.0	7.51063829787234	 111.2331109046936 
500	94	3	125	968.0	7.148936170212766	 103.70584845542908 
500	94	3	79	1022.0	7.25531914893617	 53.78033447265625 
500	94	3	97	1074.0	7.574468085106383	 44.78467512130737 
500	94	3	35	1047.0	7.351063829787234	 65.9906554222107 
500	94	3	93	966.0	7.042553191489362	 17.70836591720581 
500	94	3	105	1022.0	7.361702127659575	 2.417538642883301 
500	94	3	156	1046.0	7.446808510638298	 76.17033791542053 
500	94	3	109	1020.0	7.25531914893617	 8.330703735351562 
500	94	3	100	1018.0	7.223404255319149	 8.94722032546997 
500	94	3	0	1033.0	7.351063829787234	 24.199362754821777 
500	94	3	171	988.0	7.127659574468085	 116.53867030143738 
500	94	3	95	1049.0	7.585106382978723	 17.725952625274658 
500	94	3	98	1040.0	7.297872340425532	 32.76929426193237 
500	94	3	104	1017.0	7.308510638297872	 5.002793073654175 
500	94	3	165	982.0	7.170212765957447	 105.25724029541016 
500	94	3	106	1075.0	7.542553191489362	 103.68629050254822 
500	94	3	101	1096.0	7.638297872340425	 107.8129506111145 
500	94	3	107	1029.0	7.4787234042553195	 104.51410508155823 
500	94	3	3	1019.0	7.351063829787234	 9.346051216125488 
