200	326	-1	70	696.4641697581519	696.4641697581519	6.052147239263804
200	326	-1	199	691.3663558156966	691.3663558156966	6.07361963190184
200	326	-1	146	692.004187894566	692.004187894566	6.08282208588957
200	326	-1	84	696.3769666195382	696.3769666195383	5.969325153374233
200	326	-1	163	696.116675736278	696.1166757362781	5.757668711656442
200	326	-1	67	686.1786141729975	686.1786141729976	6.199386503067485
200	326	-1	165	672.5618524549791	672.5618524549792	6.855828220858895
200	326	-1	88	683.2181500537977	683.2181500537977	6.0030674846625764
200	326	-1	65	666.3149121919059	666.314912191906	6.242331288343558
200	326	-1	78	682.2013322641784	682.2013322641785	6.223926380368098
200	326	-1	69	672.3135981933606	672.3135981933606	6.684049079754601
200	326	-1	119	671.2776459647725	671.2776459647727	6.015337423312883
200	326	-1	150	678.703306806414	678.703306806414	5.9079754601226995
200	326	-1	116	687.0093881178728	687.0093881178728	5.914110429447852
200	326	-1	124	679.3065988492724	679.3065988492725	6.190184049079755
200	326	-1	99	687.9603386585729	687.960338658573	5.947852760736196
200	326	-1	164	674.8673593273976	674.8673593273976	6.242331288343558
200	326	-1	143	699.07752201847	699.07752201847	6.070552147239264
200	326	-1	74	677.2591188513318	677.2591188513318	5.9447852760736195
200	326	-1	100	670.958708346072	670.958708346072	6.064417177914111
200	326	-1	168	681.5590497855158	681.5590497855158	6.2024539877300615
200	326	-1	152	694.7583008343599	694.75830083436	6.104294478527607
200	326	-1	91	684.6405202898196	684.6405202898196	6.00920245398773
200	326	-1	123	684.4889229335192	684.4889229335191	6.533742331288344
200	326	-1	148	687.5316975219008	687.5316975219008	6.064417177914111
200	326	-1	133	680.1983417956895	680.1983417956895	5.95398773006135
200	326	-1	103	679.4927727902409	679.4927727902409	6.214723926380368
200	326	-1	196	686.7017165169831	686.7017165169831	5.837423312883436
200	326	-1	197	684.7165217748873	684.7165217748873	5.837423312883436
200	326	-1	89	688.1735859099124	688.1735859099125	6.116564417177914
200	326	-1	87	688.2989851422262	688.2989851422262	5.938650306748467
200	326	-1	132	696.5662259338602	696.5662259338602	6.052147239263804
200	326	-1	75	691.379746654862	691.379746654862	6.168711656441718
200	326	-1	187	654.5164073944869	654.5164073944865	6.4815950920245395
200	326	-1	171	693.7103879555805	693.7103879555805	5.9447852760736195
200	326	-1	166	701.0252483134428	701.0252483134428	6.383435582822086
200	326	-1	105	678.4112562222067	678.4112562222067	6.1871165644171775
200	326	-1	23	666.3195529980254	666.3195529980255	6.699386503067485
200	326	-1	125	687.9816575163313	687.9816575163314	6.147239263803681
200	326	-1	79	699.4713521246343	699.4713521246343	6.352760736196319
200	326	-1	17	674.7386586312101	674.73865863121	5.773006134969325
200	326	-1	61	689.4085844537316	689.4085844537316	6.223926380368098
200	326	-1	128	675.080761472037	675.080761472037	5.800613496932515
200	326	-1	104	697.7309367107662	697.7309367107662	6.352760736196319
200	326	-1	63	684.6862417075376	684.6862417075376	6.484662576687117
200	326	-1	198	694.0600393248985	694.0600393248985	5.957055214723926
200	326	-1	81	670.9302019082445	670.9302019082446	6.079754601226994
200	326	-1	48	680.496382562692	680.4963825626921	6.125766871165644
200	326	-1	64	689.925705187117	689.925705187117	6.3128834355828225
200	326	-1	174	690.2158444483969	690.2158444483969	6.110429447852761
200	326	-1	13	675.7045853384313	675.7045853384316	6.285276073619632
200	326	-1	147	697.0521097813481	697.0521097813482	6.53680981595092
200	326	-1	130	680.4520136615018	680.452013661502	6.058282208588957
200	326	-1	50	700.6922551475992	700.6922551475992	6.0552147239263805
200	326	-1	182	700.2167929692957	700.2167929692959	6.015337423312883
200	326	-1	139	679.7485858757511	679.7485858757511	5.769938650306749
200	326	-1	180	681.8778931917606	681.8778931917608	6.358895705521473
200	326	-1	177	681.1561888360155	681.1561888360156	6.070552147239264
200	326	-1	92	676.8528721981644	676.8528721981644	6.184049079754601
200	326	-1	77	676.4196244204137	676.4196244204137	6.2975460122699385
200	326	-1	71	691.6529052363115	691.6529052363115	6.180981595092025
200	326	-1	161	683.2407604143641	683.2407604143642	6.300613496932515
200	326	-1	19	682.7972919514982	682.7972919514983	5.889570552147239
200	326	-1	120	688.2092060342095	688.2092060342095	5.978527607361963
200	326	-1	106	692.4100007565895	692.4100007565895	5.779141104294479
200	326	-1	186	692.5877410060797	692.5877410060798	6.174846625766871
200	326	-1	15	685.7122926915993	685.7122926915993	6.2024539877300615
200	326	-1	131	687.5329774978352	687.5329774978352	6.2024539877300615
200	326	-1	37	706.8133923877236	706.8133923877236	5.889570552147239
200	326	-1	34	686.734834527824	686.734834527824	6.0
200	326	-1	18	694.9029100726062	694.9029100726063	6.125766871165644
200	326	-1	134	686.5373771095865	686.5373771095867	6.042944785276074
200	326	-1	55	689.4404030273022	689.4404030273022	6.322085889570552
200	326	-1	111	704.0580269731089	704.0580269731089	6.00920245398773
200	326	-1	195	693.197267500771	693.1972675007711	6.156441717791411
200	326	-1	60	681.5674351376094	681.5674351376094	5.889570552147239
200	326	-1	162	674.2312854202149	674.231285420215	6.371165644171779
200	326	-1	144	699.1169463668805	699.1169463668805	6.180981595092025
200	326	-1	83	677.2350449454966	677.2350449454966	6.205521472392638
200	326	-1	189	699.4613481356989	699.4613481356989	5.9815950920245395
200	326	-1	112	685.2348783325652	685.2348783325654	6.294478527607362
200	326	-1	154	675.1824263834278	675.1824263834278	6.950920245398773
200	326	-1	118	685.7149429619014	685.7149429619016	6.104294478527607
200	326	-1	153	687.5924772475881	687.5924772475884	6.432515337423313
200	326	-1	179	698.1880222050619	698.188022205062	6.128834355828221
200	326	-1	59	693.9672736364197	693.9672736364198	6.42638036809816
200	326	-1	142	697.5951282257915	697.5951282257915	6.168711656441718
200	326	-1	51	681.7172656964938	681.7172656964938	6.392638036809816
200	326	-1	72	682.4241537314972	682.4241537314972	6.070552147239264
200	326	-1	53	685.739612085581	685.739612085581	6.193251533742331
200	326	-1	46	694.5562889894252	694.5562889894253	6.024539877300613
200	326	-1	170	696.2519474907332	696.2519474907333	6.226993865030675
200	326	-1	121	672.6026796675284	672.6026796675285	6.067484662576687
200	326	-1	183	698.0084601071953	698.0084601071953	6.030674846625767
200	326	-1	32	680.6018097557106	680.6018097557106	6.095092024539877
200	326	-1	156	684.5147794234542	684.5147794234542	6.0920245398773005
200	326	-1	184	689.9687461385128	689.9687461385128	5.932515337423313
200	326	-1	145	700.5914898579326	700.5914898579326	5.95398773006135
200	326	-1	25	706.9252661419565	706.9252661419566	5.773006134969325
200	326	-1	47	679.3251350438396	679.3251350438399	6.552147239263804
200	326	-1	52	679.074193003345	679.0741930033452	6.138036809815951
200	326	-1	151	694.3140122181587	694.3140122181588	6.088957055214724
200	326	-1	169	669.5401259329342	669.5401259329342	6.303680981595092
200	326	-1	54	686.0341448955747	686.0341448955749	6.478527607361963
200	326	-1	33	681.6591619645021	681.6591619645022	6.174846625766871
200	326	-1	175	673.8367117425859	673.836711742586	6.604294478527607
200	326	-1	94	675.4027691383408	675.4027691383408	6.285276073619632
200	326	-1	93	677.4514941122964	677.4514941122964	6.058282208588957
200	326	-1	22	692.2868180956625	692.2868180956625	6.2024539877300615
200	326	-1	193	673.8528039909215	673.8528039909215	6.012269938650307
200	326	-1	82	677.6636627104521	677.6636627104522	6.153374233128834
200	326	-1	39	704.2893808294386	704.2893808294386	6.303680981595092
200	326	-1	45	670.7399630262831	670.7399630262831	6.705521472392638
200	326	-1	9	688.0391231752033	688.0391231752034	5.966257668711656
200	326	-1	190	692.5046956737428	692.5046956737427	6.346625766871166
200	326	-1	56	694.2198347952857	694.2198347952854	6.460122699386503
200	326	-1	178	677.585416591423	677.585416591423	6.1656441717791415
200	326	-1	157	676.4777885357155	676.4777885357155	6.177914110429448
200	326	-1	160	694.6947130961611	694.6947130961613	6.205521472392638
200	326	-1	95	677.7132154829083	677.7132154829083	6.432515337423313
200	326	-1	114	677.954263634466	677.954263634466	6.411042944785276
200	326	-1	192	689.0351815269049	689.035181526905	6.294478527607362
200	326	-1	101	708.6786578473811	708.6786578473811	6.233128834355829
200	326	-1	86	682.1603128331994	682.1603128331996	6.180981595092025
200	326	-1	172	680.2163494251967	680.2163494251967	6.374233128834356
200	326	-1	155	689.6037438852587	689.6037438852587	6.291411042944786
200	326	-1	107	685.7264981559947	685.7264981559948	6.285276073619632
200	326	-1	96	693.9635358160316	693.9635358160316	6.5030674846625764
200	326	-1	36	678.5869686856946	678.5869686856947	6.0552147239263805
200	326	-1	181	663.863355058321	663.863355058321	6.460122699386503
200	326	-1	141	684.4372057712725	684.4372057712725	5.800613496932515
200	326	-1	110	700.315875250383	700.315875250383	5.993865030674846
200	326	-1	28	685.5113239157179	685.5113239157179	6.564417177914111
200	326	-1	6	687.4059195046402	687.4059195046402	5.957055214723926
200	326	-1	43	672.629536708992	672.629536708992	6.177914110429448
200	326	-1	41	675.5583387656759	675.5583387656759	6.628834355828221
200	326	-1	38	680.3416170483782	680.3416170483782	6.257668711656442
200	326	-1	173	688.9950448566808	688.9950448566808	5.96319018404908
200	326	-1	85	686.1437603234604	686.1437603234604	5.7975460122699385
200	326	-1	90	705.8732584009414	705.8732584009415	6.303680981595092
200	326	-1	136	694.8363454333169	694.8363454333169	6.070552147239264
200	326	-1	44	698.950184391218	698.9501843912182	5.97239263803681
200	326	-1	20	681.6641754183103	681.6641754183104	6.684049079754601
200	326	-1	127	673.9265570423269	673.9265570423269	6.45398773006135
200	326	-1	24	681.8024820098383	681.8024820098383	6.116564417177914
200	326	-1	126	679.215385414086	679.215385414086	5.837423312883436
200	326	-1	159	701.2950902073308	701.2950902073309	6.067484662576687
200	326	-1	135	671.7198547446941	671.7198547446942	6.177914110429448
200	326	-1	191	703.5850551897146	703.5850551897146	6.4815950920245395
200	326	-1	129	681.2220955434641	681.2220955434642	6.08282208588957
200	326	-1	11	684.8861913444788	684.8861913444788	6.346625766871166
200	326	-1	194	690.7145364788028	690.7145364788028	6.346625766871166
200	326	-1	117	687.4591330428352	687.4591330428352	6.242331288343558
200	326	-1	7	684.0085692684476	684.0085692684476	5.941717791411043
200	326	-1	73	694.9875128229545	694.9875128229545	6.355828220858895
200	326	-1	31	684.8825083360094	684.8825083360096	6.674846625766871
200	326	-1	5	687.4662901539717	687.4662901539717	6.088957055214724
200	326	-1	58	685.8225202522596	685.8225202522597	6.2392638036809815
200	326	-1	42	690.85127941596	690.8512794159601	6.134969325153374
200	326	-1	8	698.0943929738963	698.0943929738964	5.97239263803681
200	326	-1	102	686.3410525815058	686.3410525815058	6.122699386503068
200	326	-1	10	700.7539320701968	700.7539320701969	6.190184049079755
200	326	-1	3	692.6272343817045	692.6272343817046	6.269938650306749
200	326	-1	2	680.2103810981234	680.2103810981234	6.199386503067485
200	326	-1	68	692.707284923926	692.707284923926	6.325153374233129
200	326	-1	185	670.6143440891911	670.6143440891913	6.303680981595092
200	326	-1	188	685.2316755043485	685.2316755043485	6.47239263803681
200	326	-1	108	680.1601504722096	680.1601504722096	6.389570552147239
200	326	-1	27	699.4176225000786	699.4176225000787	6.061349693251533
200	326	-1	76	685.1533714651873	685.1533714651874	6.478527607361963
200	326	-1	122	675.8360175731417	675.8360175731417	6.033742331288344
200	326	-1	1	669.1385147359224	669.1385147359225	6.57361963190184
200	326	-1	40	689.2787848382462	689.2787848382463	5.957055214723926
200	326	-1	14	702.088350141003	702.0883501410032	6.1503067484662575
200	326	-1	57	682.2574398473184	682.2574398473184	6.1503067484662575
200	326	-1	137	710.1476845216471	710.1476845216472	6.217791411042945
200	326	-1	113	675.5672988568014	675.5672988568015	6.226993865030675
200	326	-1	109	704.5006819873986	704.5006819873987	6.460122699386503
200	326	-1	138	684.8805355776959	684.880535577696	6.1503067484662575
200	326	-1	21	688.1351106884448	688.1351106884449	6.1871165644171775
200	326	-1	12	683.3392306891371	683.3392306891371	6.352760736196319
200	326	-1	49	690.8715845146684	690.8715845146685	6.383435582822086
200	326	-1	115	680.768918595793	680.7689185957931	6.7607361963190185
200	326	-1	0	705.117764820004	705.117764820004	6.199386503067485
200	326	-1	26	679.393348420285	679.3933484202851	6.122699386503068
200	326	-1	149	695.6630531833218	695.6630531833218	6.196319018404908
200	326	-1	167	671.0395042062875	671.0395042062876	6.5
200	326	-1	98	686.525247743476	686.5252477434761	6.601226993865031
200	326	-1	158	685.9667626024541	685.9667626024541	6.420245398773006
200	326	-1	4	683.1542661029305	683.1542661029305	5.978527607361963
200	326	-1	140	698.4034233304974	698.4034233304975	6.04601226993865
200	326	-1	176	684.293981458222	684.2939814582221	6.524539877300613
200	326	-1	29	686.0559370840652	686.055937084063	6.355828220858895
200	326	-1	30	701.9278809403172	701.9278809403172	5.941717791411043
200	326	-1	97	685.8067433938525	685.8067433938526	6.601226993865031
200	326	-1	66	682.8779555538214	682.8779555538214	6.174846625766871
200	326	-1	35	687.1325473512585	687.1325473512585	6.226993865030675
200	326	-1	16	681.8012309637351	681.8012309637351	6.291411042944786
200	326	-1	80	692.2115299098509	692.2115299098509	5.895705521472393
200	326	-1	62	704.6022616909826	704.6022616909827	6.061349693251533
