200	522	-1	146	881.8145315737291	881.8145315737293	6.354406130268199
200	522	-1	67	890.2483049944918	890.2483049944921	6.210727969348659
200	522	-1	70	892.6369783754991	892.6369783754991	6.354406130268199
200	522	-1	119	883.9506330647846	883.9506330647848	6.262452107279693
200	522	-1	125	896.7531277122127	896.7531277122129	6.049808429118774
200	522	-1	150	887.617931827276	887.6179318272762	6.055555555555555
200	522	-1	196	876.0242501869	876.0242501869001	5.881226053639847
200	522	-1	87	893.859973239509	893.859973239509	6.0
200	522	-1	139	876.0180604027447	876.0180604027448	5.994252873563219
200	522	-1	116	872.915487488401	872.9154874884011	6.206896551724138
200	522	-1	165	852.3425573155786	852.3425573155788	7.4655172413793105
200	522	-1	177	880.0639793559625	880.0639793559627	6.327586206896552
200	522	-1	88	870.9054647040876	870.9054647040879	6.329501915708812
200	522	-1	99	884.368089142292	884.368089142292	6.095785440613027
200	522	-1	182	880.4753412490575	880.4753412490577	6.4272030651340994
200	522	-1	174	882.7268692725667	882.7268692725668	6.501915708812261
200	522	-1	82	872.9003096051151	872.9003096051151	6.511494252873563
200	522	-1	65	865.2426339117753	865.2426339117754	6.252873563218391
200	522	-1	84	871.9665264017328	871.966526401733	6.754789272030651
200	522	-1	103	865.4849388141594	865.4849388141595	6.563218390804598
200	522	-1	133	878.2521720157106	878.2521720157106	6.155172413793103
200	522	-1	184	892.8899789556599	892.88997895566	6.176245210727969
200	522	-1	106	883.4406183811446	883.4406183811448	5.936781609195402
200	522	-1	147	886.8382640880878	886.8382640880878	6.647509578544061
200	522	-1	75	866.5607693344969	866.5607693344967	6.57088122605364
200	522	-1	168	865.665460761561	865.6654607615611	6.461685823754789
200	522	-1	163	881.459258310196	881.4592583101961	6.197318007662835
200	522	-1	183	884.2696925644537	884.2696925644539	6.419540229885057
200	522	-1	38	879.3439130743832	879.3439130743834	6.243295019157088
200	522	-1	152	863.1011321059868	863.1011321059871	7.160919540229885
200	522	-1	60	882.7438005889338	882.7438005889339	6.032567049808429
200	522	-1	48	868.9550335591008	868.9550335591008	6.047892720306513
200	522	-1	46	903.0203250844654	903.0203250844656	6.047892720306513
200	522	-1	34	879.5484781845535	879.5484781845535	6.160919540229885
200	522	-1	144	898.1606775143482	898.1606775143483	6.218390804597701
200	522	-1	17	866.7899360001027	866.7899360000354	6.300766283524904
200	522	-1	199	873.4694879582561	873.4694879582562	6.545977011494253
200	522	-1	25	887.1744325085169	887.1744325085167	6.111111111111111
200	522	-1	61	893.9115994832414	893.9115994832414	6.235632183908046
200	522	-1	189	885.0221761130717	885.0221761130719	6.293103448275862
200	522	-1	148	898.5654885500319	898.565488550032	6.055555555555555
200	522	-1	86	885.2971775526768	885.2971775526769	6.352490421455939
200	522	-1	195	880.136911189344	880.136911189344	6.526819923371647
200	522	-1	187	877.6284194478474	877.6284194478474	6.283524904214559
200	522	-1	130	885.1668869107967	885.1668869107968	6.162835249042145
200	522	-1	63	860.7510911914412	860.7510911914412	7.268199233716475
200	522	-1	69	853.029939002839	853.0299390028225	7.446360153256705
200	522	-1	89	887.4126861963789	887.412686196379	6.2701149425287355
200	522	-1	175	862.8523050993164	862.8523050993164	6.986590038314176
200	522	-1	160	882.0542929653144	882.0542929653145	6.53639846743295
200	522	-1	104	872.5452737523283	872.5452737523284	7.011494252873563
200	522	-1	190	895.6898963625974	895.6898963625978	6.226053639846743
200	522	-1	192	886.9028372735717	886.9028372735717	6.2701149425287355
200	522	-1	43	870.447003788377	870.4470037883772	6.281609195402299
200	522	-1	81	884.070422795259	884.0704227952591	6.2988505747126435
200	522	-1	71	881.5141707942614	881.5141707942614	6.39272030651341
200	522	-1	157	861.105479025812	861.105479025812	6.777777777777778
200	522	-1	169	854.8379786224394	854.8379786224397	6.7298850574712645
200	522	-1	120	905.1328561967125	905.1328561967125	5.904214559386973
200	522	-1	100	871.1956718974526	871.1956718974528	6.385057471264368
200	522	-1	171	897.7888278585924	897.7888278585924	5.932950191570881
200	522	-1	105	873.7237481301829	873.723748110112	6.521072796934866
200	522	-1	59	894.8053290020694	894.8053290020696	6.419540229885057
200	522	-1	166	883.0997259077601	883.0997259077237	7.053639846743295
200	522	-1	141	887.6128478387664	887.6128478387664	5.852490421455939
200	522	-1	54	872.8088492065833	872.8088492065834	6.863984674329502
200	522	-1	28	869.9519815030458	869.951981503046	7.105363984674329
200	522	-1	77	875.4599027810582	875.4599027810582	6.494252873563219
200	522	-1	178	871.2337818622342	871.2337818622344	6.421455938697318
200	522	-1	193	871.0938391746039	871.093839174604	6.180076628352491
200	522	-1	159	884.805744889114	884.8057448891128	6.484674329501916
200	522	-1	9	876.1950969285749	876.195096928575	6.128352490421456
200	522	-1	145	894.464679765299	894.4646797652991	5.902298850574713
200	522	-1	179	886.8760331456998	886.8760331456998	6.440613026819923
200	522	-1	197	885.758381528837	885.7583815288372	6.0
200	522	-1	151	890.3841804654951	890.3841804654952	6.406130268199234
200	522	-1	93	885.8084715098054	885.8084715098055	6.124521072796935
200	522	-1	126	869.926672834829	869.926672834829	6.304597701149425
200	522	-1	118	869.0375249376659	869.0375249376661	6.507662835249042
200	522	-1	18	889.9447508423445	889.9447508423445	6.760536398467433
200	522	-1	198	894.9109987924518	894.9109987924519	6.128352490421456
200	522	-1	37	886.2594477399686	886.2594477399687	6.132183908045977
200	522	-1	94	874.5040983694964	874.5040983694964	6.329501915708812
200	522	-1	124	879.4581000308326	879.4581000308327	6.128352490421456
200	522	-1	7	891.0737996523034	891.0737996523035	5.850574712643678
200	522	-1	143	877.3364155464026	877.3364155464026	6.381226053639847
200	522	-1	51	898.3791519379196	898.3791519379195	6.183908045977011
200	522	-1	180	873.2885303531164	873.2885303531164	6.699233716475096
200	522	-1	50	892.1715242591433	892.1715242591436	6.323754789272031
200	522	-1	128	873.54518109346	873.54518109346	5.977011494252873
200	522	-1	110	881.4692746553039	881.4692746553039	6.432950191570881
200	522	-1	22	883.8657532549219	883.865753254922	6.626436781609195
200	522	-1	56	873.8127201309538	873.812720130954	6.931034482758621
200	522	-1	186	881.3019364182853	881.3019364182854	6.739463601532567
200	522	-1	33	867.7779096168923	867.7779096168924	6.584291187739463
200	522	-1	19	880.6452825761037	880.6452825761037	6.325670498084291
200	522	-1	123	848.0722141786092	848.0722141785708	7.5440613026819925
200	522	-1	73	870.3918643656195	870.3918643656195	6.896551724137931
200	522	-1	101	885.3573650965727	885.3573650965727	6.490421455938697
200	522	-1	162	871.5699737554114	871.5699737554114	6.731800766283525
200	522	-1	172	876.608938715835	876.6089387158352	6.262452107279693
200	522	-1	153	881.293221874391	881.2932218743911	6.971264367816092
200	522	-1	5	880.863613471904	880.8636134719042	6.293103448275862
200	522	-1	117	887.1318436705077	887.1318436705079	6.515325670498084
200	522	-1	24	880.1132244336858	880.1132244336861	6.067049808429119
200	522	-1	112	878.993134421742	878.993134421742	6.695402298850575
200	522	-1	137	885.0815118240502	885.0815118233015	6.923371647509579
200	522	-1	108	873.8999681758733	873.8999681758735	6.2988505747126435
200	522	-1	170	900.8338952465174	900.8338952465176	6.35823754789272
200	522	-1	83	894.1826754900378	894.1826754900379	6.082375478927203
200	522	-1	191	880.0102069496161	880.0102069496161	7.21455938697318
200	522	-1	72	876.8279601697951	876.8279601697952	6.408045977011494
200	522	-1	114	875.8611038313087	875.8611038313088	6.39272030651341
200	522	-1	107	894.9989731456865	894.9989731456867	6.14176245210728
200	522	-1	142	889.2493684862105	889.2493684860415	6.39272030651341
200	522	-1	23	867.9382017733326	867.9382017733326	6.488505747126437
200	522	-1	55	884.0041803250609	884.004180325061	6.293103448275862
200	522	-1	161	896.3408291278549	896.340829127855	6.295019157088123
200	522	-1	36	871.1798665582053	871.1798665582053	6.323754789272031
200	522	-1	31	878.707295000881	878.7072950008811	6.505747126436781
200	522	-1	92	864.9250123952249	864.9250123952249	7.0440613026819925
200	522	-1	134	872.802248848633	872.8022488486328	6.450191570881226
200	522	-1	74	883.5204236213921	883.5204236213923	5.978927203065134
200	522	-1	32	899.8875309699689	899.8875309699689	6.210727969348659
200	522	-1	91	873.0494880350642	873.0494880350642	6.216475095785441
200	522	-1	79	897.9396269610686	897.9396269610689	6.371647509578544
200	522	-1	181	872.3217949800498	872.32179498005	6.6226053639846745
200	522	-1	95	884.577380562642	884.5773805626421	6.306513409961686
200	522	-1	11	885.0952014972636	885.0952014972637	6.475095785440613
200	522	-1	131	890.1189881163826	890.1189881163826	6.139846743295019
200	522	-1	45	857.387658192928	857.387658192928	7.174329501915709
200	522	-1	173	882.2440212864476	882.2440212864478	6.134099616858237
200	522	-1	52	867.3567388670804	867.3567388670804	6.252873563218391
200	522	-1	164	867.1276983208579	867.1276983208194	6.818007662835249
200	522	-1	15	883.9813929106285	883.9813929106286	6.241379310344827
200	522	-1	155	903.6842988978118	903.6842988978119	6.009578544061303
200	522	-1	156	898.4209965781312	898.4209965781314	6.082375478927203
200	522	-1	78	863.3102392383944	863.3102392383947	6.708812260536399
200	522	-1	132	888.6754794767036	888.6754794767036	6.490421455938697
200	522	-1	44	875.522360593766	875.5223605937659	6.467432950191571
200	522	-1	39	889.2224984996401	889.2224984996402	6.306513409961686
200	522	-1	121	871.3098299010347	871.3098299010347	6.283524904214559
200	522	-1	135	886.0643567266859	886.0643567266861	6.091954022988506
200	522	-1	129	882.6896149375277	882.6896149375277	6.049808429118774
200	522	-1	27	876.8026983320609	876.8026983320548	7.480842911877395
200	522	-1	185	866.6327226880795	866.6327226880796	6.383141762452107
200	522	-1	13	877.5672497800168	877.567249780017	6.147509578544061
200	522	-1	115	878.8858091950136	878.8858091950136	6.7796934865900385
200	522	-1	136	889.6060409897754	889.6060409897754	6.160919540229885
200	522	-1	20	895.8377498957636	895.8377498957639	6.318007662835249
200	522	-1	42	888.2558462443271	888.2558462443274	6.111111111111111
200	522	-1	53	900.5784263543329	900.578426354333	6.084291187739463
200	522	-1	41	855.4309895062867	855.4309895062864	7.185823754789272
200	522	-1	188	875.1690636880176	875.1690636880176	6.567049808429119
200	522	-1	8	892.3989173281017	892.3989173281017	6.3486590038314175
200	522	-1	57	883.554236457817	883.554236457817	6.168582375478927
200	522	-1	0	902.7615421821781	902.7615421821783	6.258620689655173
200	522	-1	138	879.1225736396859	879.122573639686	6.360153256704981
200	522	-1	140	892.0335993241448	892.0335993241448	6.047892720306513
200	522	-1	102	866.2207809347726	866.2207809347715	6.814176245210728
200	522	-1	2	879.9495004407663	879.9495004407665	6.53639846743295
200	522	-1	6	855.7854710603052	855.7854710603024	6.867816091954023
200	522	-1	109	905.5976426806698	905.5976426806698	6.432950191570881
200	522	-1	167	878.7820677604246	878.7820677604179	6.768199233716475
200	522	-1	3	885.4405293870083	885.4405293870084	6.375478927203065
200	522	-1	12	882.1255302957736	882.1255302957738	6.450191570881226
200	522	-1	127	876.9134173025199	876.9134173025194	6.752873563218391
200	522	-1	111	894.401055280207	894.4010552802072	6.105363984674329
200	522	-1	40	854.5534060301408	854.553406030141	6.601532567049809
200	522	-1	85	862.014282176576	862.0142821765711	6.754789272030651
200	522	-1	64	868.9299165494875	868.9299165494875	6.932950191570881
200	522	-1	21	888.538218405903	888.5382184059031	6.180076628352491
200	522	-1	49	878.7029536196646	878.7029536196646	6.421455938697318
200	522	-1	10	893.1724835221656	893.1724835221657	6.5727969348659006
200	522	-1	90	884.4375969992915	884.4375969992916	6.944444444444445
200	522	-1	68	891.7769055483319	891.7769055483321	6.065134099616858
200	522	-1	96	891.30035465527	891.3003546552701	6.559386973180077
200	522	-1	154	869.2305232285346	869.2305232285346	6.796934865900383
200	522	-1	76	873.8658502636672	873.8658502636673	6.789272030651341
200	522	-1	29	878.7488850187477	878.7488850187478	6.319923371647509
200	522	-1	1	880.9860117976812	880.9860117976813	6.419540229885057
200	522	-1	58	866.6888848578132	866.6888848578132	6.998084291187739
200	522	-1	47	879.2326803468507	879.2326803463849	6.819923371647509
200	522	-1	14	885.0185268873781	885.0185268873784	6.515325670498084
200	522	-1	98	892.2163809727032	892.2163809727032	6.363984674329502
200	522	-1	122	888.3498458786206	888.3498458786207	5.977011494252873
200	522	-1	149	872.7301770203966	872.7301770203968	6.557471264367816
