200	44	3	128	171.2482346150635	5.431818181818182	 0.34331679344177246 
200	44	3	64	171.1548907039456	5.863636363636363	 1.0428872108459473 
200	44	3	71	195.06329427635944	5.681818181818182	 0.3067784309387207 
200	44	3	59	193.6974309124752	6.590909090909091	 0.4991018772125244 
200	44	3	55	190.80800315079006	6.818181818181818	 0.5095319747924805 
200	44	3	131	178.12566695923653	5.795454545454546	 0.3366820812225342 
200	44	3	132	184.74056799599776	6.318181818181818	 0.36421918869018555 
200	44	3	109	189.33393868342733	6.431818181818182	 0.400219202041626 
200	44	3	122	192.70659086992003	6.5	 0.4013524055480957 
200	44	3	99	188.73351116642883	6.0227272727272725	 0.673161506652832 
200	44	3	61	185.91541811522058	6.159090909090909	 0.3739752769470215 
200	44	3	63	185.73983903813874	6.340909090909091	 0.7626512050628662 
200	44	3	111	178.02476041325085	6.090909090909091	 0.32565855979919434 
200	44	3	135	185.56914837664974	6.431818181818182	 0.4911627769470215 
200	44	3	124	176.22458478048839	6.2727272727272725	 0.3723180294036865 
200	44	3	100	179.64022783196128	6.0227272727272725	 0.37571001052856445 
200	44	3	91	183.27087600440657	5.7727272727272725	 0.376478910446167 
200	44	3	103	186.5656559090423	6.386363636363637	 0.38393115997314453 
200	44	3	117	169.05501027571475	5.454545454545454	 0.3848683834075928 
200	44	3	163	168.25382016864359	5.431818181818182	 1.1083240509033203 
200	44	3	102	182.48648835779142	6.090909090909091	 0.47257494926452637 
200	44	3	105	188.03872639979278	6.909090909090909	 0.4896688461303711 
200	44	3	115	185.4217797487316	5.954545454545454	 0.5564696788787842 
200	44	3	114	181.71535899051415	6.25	 0.6840229034423828 
200	44	3	89	172.9104571967979	5.5227272727272725	 0.6907951831817627 
200	44	3	167	160.0773059362376	5.7727272727272725	 1.4222133159637451 
200	44	3	70	189.39380041292696	5.659090909090909	 0.39565062522888184 
200	44	3	133	179.2851410395921	6.090909090909091	 0.40784144401550293 
200	44	3	56	177.57285321528175	6.159090909090909	 0.4239187240600586 
200	44	3	96	191.15553702445254	6.0227272727272725	 0.43468379974365234 
200	44	3	118	182.64023265483448	6.204545454545454	 0.4520130157470703 
200	44	3	93	179.5568272117978	5.954545454545454	 0.47353577613830566 
200	44	3	94	179.3715933573078	6.318181818181818	 1.4537527561187744 
200	44	3	130	181.35788881138683	6.795454545454546	 0.4663097858428955 
200	44	3	76	187.7325893713756	6.568181818181818	 0.37964606285095215 
200	44	3	86	171.3559273389448	5.409090909090909	 0.44179534912109375 
200	44	3	104	184.94986101507013	6.113636363636363	 2.809791326522827 
200	44	3	85	185.85081869027303	6.068181818181818	 0.47382259368896484 
200	44	3	81	173.28297887810893	5.886363636363637	 0.45120906829833984 
200	44	3	75	182.92464711629884	6.545454545454546	 0.586815357208252 
200	44	3	88	181.80370096782966	6.090909090909091	 0.6066749095916748 
200	44	3	83	178.13530826742195	5.9772727272727275	 0.8019542694091797 
200	44	3	58	185.31202032072102	6.636363636363637	 2.3691604137420654 
200	44	3	152	190.92773507677228	5.931818181818182	 0.387706995010376 
200	44	3	134	180.9122941271573	6.181818181818182	 2.69985294342041 
200	44	3	112	187.0938500354797	6.5	 1.0506539344787598 
200	44	3	149	183.98009633849983	6.136363636363637	 0.4796586036682129 
200	44	3	84	182.58449974196043	6.295454545454546	 0.3749268054962158 
200	44	3	79	189.02136544777207	6.045454545454546	 0.4843904972076416 
200	44	3	87	177.30056976472522	6.340909090909091	 0.6554465293884277 
200	44	3	74	180.8332121562736	6.090909090909091	 0.6622333526611328 
200	44	3	158	191.39500961317754	6.113636363636363	 0.4356968402862549 
200	44	3	165	178.3248831576359	5.9772727272727275	 0.4615132808685303 
200	44	3	154	179.97516469750866	6.090909090909091	 0.5154898166656494 
200	44	3	139	178.31388936478277	5.818181818181818	 0.35022902488708496 
200	44	3	136	195.16236580817358	6.409090909090909	 0.40949130058288574 
200	44	3	151	180.1924979876651	6.0	 0.4336564540863037 
200	44	3	143	172.38606418167123	6.340909090909091	 0.438201904296875 
200	44	3	140	188.49138593035488	5.818181818181818	 0.5324051380157471 
200	44	3	78	185.60432705493108	6.318181818181818	 0.3666648864746094 
200	44	3	198	173.18676709600365	5.931818181818182	 0.7913603782653809 
200	44	3	197	175.44391533277596	5.7727272727272725	 0.3474886417388916 
200	44	3	156	181.79761163409046	6.7272727272727275	 1.1051342487335205 
200	44	3	69	183.47308086281413	6.113636363636363	 4.969156503677368 
200	44	3	166	190.1960106361162	6.204545454545454	 1.194821834564209 
200	44	3	169	171.82243676352198	5.5	 1.2457983493804932 
200	44	3	168	187.39109919665339	5.840909090909091	 0.3483729362487793 
200	44	3	193	171.36246389459527	5.795454545454546	 0.38344407081604004 
200	44	3	141	180.2156014362558	6.136363636363637	 1.0092813968658447 
200	44	3	137	186.8493607745551	6.363636363636363	 0.3474099636077881 
200	44	3	155	182.02658460291252	6.5	 1.6903982162475586 
200	44	3	106	183.63593529474738	5.7727272727272725	 0.44205808639526367 
200	44	3	54	178.65222119580898	6.090909090909091	 1.6400883197784424 
200	44	3	195	170.97147628665851	6.204545454545454	 0.38400936126708984 
200	44	3	153	190.65619218898328	6.454545454545454	 1.7464699745178223 
200	44	3	144	183.66587027410597	6.090909090909091	 0.46708106994628906 
200	44	3	191	185.27123728831072	7.0227272727272725	 2.3171989917755127 
200	44	3	194	188.44028267570278	6.818181818181818	 1.1709561347961426 
200	44	3	73	180.29785853842557	6.636363636363637	 0.41782259941101074 
200	44	3	65	184.38112669868198	5.795454545454546	 0.3710367679595947 
200	44	3	90	192.11293674714543	6.636363636363637	 0.6483840942382812 
200	44	3	120	174.4609518066317	6.204545454545454	 0.38267087936401367 
200	44	3	113	177.00073453448957	6.4772727272727275	 0.44624829292297363 
200	44	3	164	188.55229698298945	6.181818181818182	 0.8730344772338867 
200	44	3	92	186.68362311366417	5.818181818181818	 8.11803674697876 
200	44	3	80	179.60171815363339	6.068181818181818	 1.3774986267089844 
200	44	3	187	183.78219484181608	5.795454545454546	 0.46536970138549805 
200	44	3	53	196.75253554608196	5.840909090909091	 0.7130048274993896 
200	44	3	183	185.3460725624832	5.931818181818182	 0.5087673664093018 
200	44	3	181	186.1209232236145	5.931818181818182	 0.5213580131530762 
200	44	3	116	168.6781009059432	5.659090909090909	 0.359342098236084 
200	44	3	123	172.02516671872147	5.909090909090909	 0.4780538082122803 
200	44	3	126	168.33338920249182	5.431818181818182	 0.8171994686126709 
200	44	3	150	182.00862151113034	6.045454545454546	 0.7023024559020996 
200	44	3	67	174.06043807625818	6.0	 0.3633573055267334 
200	44	3	62	196.11537663174974	6.25	 0.37208008766174316 
200	44	3	180	172.88948983616189	5.818181818181818	 0.3553903102874756 
200	44	3	101	190.621544358255	6.568181818181818	 0.632190465927124 
200	44	3	52	188.0686177542013	6.045454545454546	 0.384204626083374 
200	44	3	41	178.92425052698925	6.2272727272727275	 0.43943071365356445 
200	44	3	199	186.33784431561554	6.340909090909091	 0.45057177543640137 
200	44	3	42	187.00146035886002	5.954545454545454	 0.5205521583557129 
200	44	3	48	175.1110539785329	6.181818181818182	 0.5856704711914062 
200	44	3	43	184.9494547095996	6.25	 0.6515376567840576 
200	44	3	40	184.44829745429425	5.7727272727272725	 0.7331595420837402 
200	44	3	108	169.20205142837113	5.954545454545454	 0.4568197727203369 
200	44	3	184	183.6881777266162	6.0227272727272725	 0.3356177806854248 
200	44	3	173	178.0649731279397	6.181818181818182	 1.8609466552734375 
200	44	3	179	190.92593731276958	6.4772727272727275	 0.4475831985473633 
200	44	3	175	185.94788393378244	6.159090909090909	 0.46556663513183594 
200	44	3	185	175.1317480944116	6.363636363636363	 0.5555317401885986 
200	44	3	182	172.1966256255271	5.886363636363637	 0.7497646808624268 
200	44	3	50	176.55927228355534	5.431818181818182	 0.35872650146484375 
200	44	3	97	194.43474090671143	6.431818181818182	 0.5657577514648438 
200	44	3	51	177.06237623436786	6.159090909090909	 2.7197272777557373 
200	44	3	161	167.4800561248426	5.2272727272727275	 0.3253195285797119 
200	44	3	170	188.4165157391912	6.068181818181818	 0.3912017345428467 
200	44	3	147	191.019104637274	6.2272727272727275	 13.997390747070312 
200	44	3	162	172.16824852164933	5.9772727272727275	 1.7186393737792969 
200	44	3	125	184.3047294777524	5.75	 19.551903247833252 
200	44	3	138	184.41751288782933	6.590909090909091	 0.5307388305664062 
200	44	3	39	175.11689401576908	6.159090909090909	 0.5249021053314209 
200	44	3	10	177.5468595366995	5.818181818181818	 0.4073612689971924 
200	44	3	19	184.32579037511735	6.431818181818182	 0.42632627487182617 
200	44	3	12	181.31090070477458	5.7272727272727275	 0.431957483291626 
200	44	3	160	174.43608485398136	5.840909090909091	 0.34385132789611816 
200	44	3	21	173.00262965207978	5.7727272727272725	 0.5689280033111572 
200	44	3	20	188.77266157085637	6.409090909090909	 0.7060027122497559 
200	44	3	98	176.86066746509817	6.659090909090909	 19.37679386138916 
200	44	3	176	181.31356188952103	6.2727272727272725	 4.8880016803741455 
200	44	3	107	189.39647124341988	6.0227272727272725	 0.3615241050720215 
200	44	3	57	190.43082938183844	6.7272727272727275	 20.39581847190857 
200	44	3	60	176.29475208649308	6.068181818181818	 20.31907081604004 
200	44	3	47	179.47137435612487	6.068181818181818	 0.8186521530151367 
200	44	3	82	177.20444756692427	5.840909090909091	 19.6124107837677 
200	44	3	15	180.67085981511502	6.181818181818182	 0.4119541645050049 
200	44	3	23	177.00880459362628	5.954545454545454	 0.4344613552093506 
200	44	3	13	186.66441561297768	6.181818181818182	 0.4406552314758301 
200	44	3	11	181.75648003103373	5.909090909090909	 0.4454314708709717 
200	44	3	127	185.3930714550679	5.931818181818182	 20.28965401649475 
200	44	3	146	177.22416569578272	5.454545454545454	 19.291823148727417 
200	44	3	46	174.30235091386743	5.75	 5.962964773178101 
200	44	3	145	191.44850613823465	6.204545454545454	 19.348663330078125 
200	44	3	171	189.3745577035868	6.25	 19.511417865753174 
200	44	3	159	185.88865280253978	5.886363636363637	 20.31820821762085 
200	44	3	142	191.7104490029954	6.318181818181818	 20.02239489555359 
200	44	3	72	182.97964840534928	6.5227272727272725	 20.10161852836609 
200	44	3	129	164.76441004819395	5.636363636363637	 0.6883194446563721 
200	44	3	16	183.62986238879003	6.409090909090909	 0.5040473937988281 
200	44	3	119	181.06247573419617	6.2272727272727275	 19.714418411254883 
200	44	3	95	197.32930902520516	6.5227272727272725	 16.936156034469604 
200	44	3	186	177.74031866095729	6.2272727272727275	 1.500633955001831 
200	44	3	157	185.61679690810877	6.045454545454546	 20.263722896575928 
200	44	3	177	174.72329865342098	5.795454545454546	 0.4869999885559082 
200	44	3	110	183.3458505182719	5.340909090909091	 10.470426321029663 
200	44	3	17	187.14538508809497	5.840909090909091	 0.36026525497436523 
200	44	3	192	180.09930312915287	5.7727272727272725	 0.35633134841918945 
200	44	3	45	193.34194381627213	6.295454545454546	 0.38352489471435547 
200	44	3	49	187.09466857764306	6.363636363636363	 0.5684981346130371 
200	44	3	148	188.08480522524636	6.295454545454546	 0.5102922916412354 
200	44	3	77	180.11442080680627	5.954545454545454	 0.3959059715270996 
200	44	3	9	180.23220003564447	5.863636363636363	 0.5476438999176025 
200	44	3	174	189.6393302602261	5.9772727272727275	 0.3876841068267822 
200	44	3	26	171.0959081636741	5.409090909090909	 0.35322141647338867 
200	44	3	37	186.7641880039828	5.590909090909091	 0.35534000396728516 
200	44	3	25	186.69970143913426	5.75	 0.35841917991638184 
200	44	3	32	168.20024370502873	5.659090909090909	 0.40363049507141113 
200	44	3	35	171.4033666054278	5.409090909090909	 0.4043238162994385 
200	44	3	34	187.19745779773885	6.75	 0.618382453918457 
200	44	3	190	183.46383732270164	6.181818181818182	 19.356687784194946 
200	44	3	6	166.28456129737205	5.681818181818182	 0.6273834705352783 
200	44	3	33	184.4139529844614	6.5227272727272725	 1.360703945159912 
200	44	3	68	184.11156089218068	5.9772727272727275	 19.019405841827393 
200	44	3	18	180.04561751996326	6.068181818181818	 0.6507279872894287 
200	44	3	196	182.86016173021386	6.090909090909091	 3.134326934814453 
200	44	3	178	176.6010898039516	5.590909090909091	 20.32585120201111 
200	44	3	27	178.15500480171235	7.181818181818182	 3.3341012001037598 
200	44	3	24	159.54849088916703	5.886363636363637	 0.42890143394470215 
200	44	3	38	169.07855405966632	6.045454545454546	 0.7706084251403809 
200	44	3	7	183.84639649869064	6.2272727272727275	 0.616248369216919 
200	44	3	44	174.77467113012636	5.4772727272727275	 20.321794986724854 
200	44	3	3	173.880298943778	6.159090909090909	 0.8344345092773438 
200	44	3	8	184.50908600108323	6.0227272727272725	 8.35010814666748 
200	44	3	22	186.4286740023908	6.295454545454546	 20.089763879776 
200	44	3	14	185.5620426138766	6.0227272727272725	 0.48783063888549805 
200	44	3	172	184.00485532433873	5.954545454545454	 2.1331708431243896 
200	44	3	36	166.61273469721039	6.090909090909091	 0.410813570022583 
200	44	3	30	183.67924581501924	5.7272727272727275	 0.6918516159057617 
200	44	3	4	175.66537143792124	5.909090909090909	 0.5333290100097656 
200	44	3	121	188.96724914896816	5.886363636363637	 16.683901071548462 
200	44	3	28	187.96990551084144	6.386363636363637	 0.5917196273803711 
200	44	3	2	182.43123197278467	6.136363636363637	 0.6738734245300293 
200	44	3	1	177.9993049794123	5.363636363636363	 0.7131624221801758 
200	44	3	0	181.42811480529414	6.25	 1.8082408905029297 
200	44	3	31	179.0279642187707	6.4772727272727275	 19.92303156852722 
200	44	3	188	189.99763179708154	6.613636363636363	 19.634821891784668 
200	44	3	189	186.7956012284443	6.159090909090909	 19.793187379837036 
200	44	3	66	179.60065429146408	5.636363636363637	 8.879795551300049 
200	44	3	29	183.13182528592247	6.704545454545454	 0.47614145278930664 
200	44	3	5	176.52884898434195	5.340909090909091	 19.58905792236328 
