200	204	3	65	553.1193479548436	5.5931372549019605	0.0039463043212890625
200	204	3	71	565.5002754945348	5.78921568627451	0.004170656204223633
200	204	3	70	555.5549329425802	5.686274509803922	0.0041043758392333984
200	204	3	168	561.2787409378592	5.720588235294118	0.004190921783447266
200	204	3	197	561.5039595393173	5.715686274509804	0.0042798519134521484
200	204	3	64	563.923927374487	5.828431372549019	0.004098653793334961
200	204	3	81	564.6104489168503	5.715686274509804	0.004141569137573242
200	204	3	69	568.1219224508743	5.862745098039215	0.004279613494873047
200	204	3	104	574.8566228118929	5.926470588235294	0.004331827163696289
200	204	3	84	563.4752119075091	5.705882352941177	0.0042209625244140625
200	204	3	67	567.2983053040789	5.715686274509804	0.004021406173706055
200	204	3	153	579.9762569520577	6.034313725490196	0.004416227340698242
200	204	3	199	560.9925866386632	5.671568627450981	0.0039441585540771484
200	204	3	132	566.0221667066493	5.71078431372549	0.0044939517974853516
200	204	3	78	568.4535318711602	5.838235294117647	0.004205942153930664
200	204	3	195	568.1948442681476	5.75	0.004338741302490234
200	204	3	102	566.396332914959	5.7254901960784315	0.0041005611419677734
200	204	3	105	567.1108028414859	5.71078431372549	0.004121541976928711
200	204	3	164	559.631036992149	5.612745098039215	0.0041675567626953125
200	204	3	145	562.2602613712006	5.588235294117647	0.004036664962768555
200	204	3	163	553.2951323281014	5.573529411764706	0.003998517990112305
200	204	3	88	556.0023722877803	5.632352941176471	0.004152536392211914
200	204	3	143	566.5919415260068	5.740196078431373	0.0046482086181640625
200	204	3	146	562.0986219179733	5.6568627450980395	0.00418400764465332
200	204	3	166	575.856060701686	6.078431372549019	0.004323482513427734
200	204	3	165	571.3775670556181	5.872549019607843	0.004258632659912109
200	204	3	152	566.2167073381595	5.759803921568627	0.00421905517578125
200	204	3	91	558.5707642068259	5.612745098039215	0.004431724548339844
200	204	3	144	574.9040684950791	5.872549019607843	0.004215717315673828
200	204	3	117	563.6883277811717	5.818627450980392	0.004638195037841797
200	204	3	124	561.1528640537464	5.730392156862745	0.004218339920043945
200	204	3	123	570.2909589002543	5.916666666666667	0.004226207733154297
200	204	3	56	573.566694742024	5.867647058823529	0.004409313201904297
200	204	3	182	566.6092361858938	5.857843137254902	0.00457763671875
200	204	3	154	581.9300052300239	6.044117647058823	0.004473447799682617
200	204	3	147	574.4672412045599	5.955882352941177	0.00426793098449707
200	204	3	55	569.9096746146051	5.936274509803922	0.004482269287109375
200	204	3	116	560.694227545827	5.617647058823529	0.00420689582824707
200	204	3	111	566.0680916632415	5.7254901960784315	0.004563331604003906
200	204	3	63	558.6159407654244	5.764705882352941	0.004279613494873047
200	204	3	160	576.7175776207612	5.9068627450980395	0.0042378902435302734
200	204	3	183	562.7300636629451	5.799019607843137	0.00445246696472168
200	204	3	99	562.7783624978939	5.7745098039215685	0.004181861877441406
200	204	3	133	559.6034715957584	5.730392156862745	0.004144191741943359
200	204	3	89	562.6634915987862	5.705882352941177	0.0046367645263671875
200	204	3	126	545.086162619528	5.318627450980392	0.003714323043823242
200	204	3	173	567.7936895441974	5.769607843137255	0.004410743713378906
200	204	3	155	562.8541618682917	5.705882352941177	0.004160642623901367
200	204	3	106	557.6623900063453	5.578431372549019	0.0044384002685546875
200	204	3	74	554.0160634777983	5.622549019607843	0.004090070724487305
200	204	3	112	567.8102011917449	5.779411764705882	0.004644870758056641
200	204	3	150	550.6267716255735	5.686274509803922	0.004144906997680664
200	204	3	130	568.0794155309146	5.848039215686274	0.004438161849975586
200	204	3	119	558.3142085902052	5.715686274509804	0.004231691360473633
200	204	3	100	569.0113939586106	5.803921568627451	0.0042188167572021484
200	204	3	175	569.0255528453177	5.848039215686274	0.004225730895996094
200	204	3	186	572.5452601657121	5.818627450980392	0.004197120666503906
200	204	3	162	558.8474996546821	5.813725490196078	0.00422978401184082
200	204	3	59	577.1675989243338	5.980392156862745	0.004413604736328125
200	204	3	83	554.661940095839	5.705882352941177	0.004158735275268555
200	204	3	61	568.9890981057307	5.78921568627451	0.004451751708984375
200	204	3	54	571.8609201248623	5.848039215686274	0.004662036895751953
200	204	3	118	573.6024885556986	5.9068627450980395	0.004355669021606445
200	204	3	79	579.4464001891749	5.9068627450980395	0.004487752914428711
200	204	3	187	557.4473371252999	5.700980392156863	0.0040967464447021484
200	204	3	53	562.7136186353133	5.705882352941177	0.004136800765991211
200	204	3	75	564.2275193528335	5.75	0.004183292388916016
200	204	3	198	557.1210217292748	5.647058823529412	0.004271984100341797
200	204	3	169	555.7486200201098	5.676470588235294	0.004376411437988281
200	204	3	76	581.4588939312821	6.014705882352941	0.004620075225830078
200	204	3	177	559.7592502884578	5.676470588235294	0.004190683364868164
200	204	3	90	575.0951775777249	5.892156862745098	0.0046825408935546875
200	204	3	174	574.2072335465979	5.897058823529412	0.004790067672729492
200	204	3	178	561.3415229814332	5.661764705882353	0.004429817199707031
200	204	3	192	569.1843991470859	5.759803921568627	0.004367351531982422
200	204	3	156	562.3081563880668	5.833333333333333	0.004638671875
200	204	3	52	560.2367561054452	5.696078431372549	0.004254817962646484
200	204	3	47	567.3539048318877	5.803921568627451	0.0041849613189697266
200	204	3	127	568.2405120674803	5.897058823529412	0.004403352737426758
200	204	3	42	566.654539486575	5.730392156862745	0.004255533218383789
200	204	3	125	571.5245373446832	5.921568627450981	0.004508018493652344
200	204	3	103	569.8441883259948	5.892156862745098	0.004710674285888672
200	204	3	134	563.0581246133829	5.735294117647059	0.004527568817138672
200	204	3	50	571.3965639708789	5.779411764705882	0.0042040348052978516
200	204	3	41	572.4262131585131	5.911764705882353	0.004379987716674805
200	204	3	185	551.8894921648332	5.647058823529412	0.004301786422729492
200	204	3	93	562.2321460139588	5.602941176470588	0.00440526008605957
200	204	3	23	562.3852546983404	5.75	0.004227638244628906
200	204	3	77	556.9873158085497	5.759803921568627	0.004610300064086914
200	204	3	136	576.791784133541	5.980392156862745	0.004833221435546875
200	204	3	151	567.3563777203858	5.671568627450981	0.004372835159301758
200	204	3	148	566.0453362536113	5.730392156862745	0.00426173210144043
200	204	3	46	562.4772460939662	5.627450980392157	0.004262685775756836
200	204	3	51	561.134368742239	5.799019607843137	0.0043985843658447266
200	204	3	161	560.8965881914487	5.666666666666667	0.004526853561401367
200	204	3	92	557.8762282281415	5.637254901960785	0.004459857940673828
200	204	3	171	561.0377828947453	5.637254901960785	0.0044708251953125
200	204	3	87	559.9441759743695	5.661764705882353	0.004467487335205078
200	204	3	129	557.9475718071477	5.627450980392157	0.004227161407470703
200	204	3	48	569.095433671454	5.769607843137255	0.004244804382324219
200	204	3	33	554.8896868486264	5.647058823529412	0.004515171051025391
200	204	3	120	572.3663118202506	5.803921568627451	0.0044193267822265625
200	204	3	20	570.7383912203751	5.9411764705882355	0.004418611526489258
200	204	3	13	569.3836739906242	5.7745098039215685	0.0046482086181640625
200	204	3	180	565.6065644077423	5.715686274509804	0.004605531692504883
200	204	3	142	573.4903079680622	5.921568627450981	0.004803657531738281
200	204	3	135	567.2968136250663	5.838235294117647	0.004763126373291016
200	204	3	128	551.963711364543	5.4411764705882355	0.004010200500488281
200	204	3	15	571.5031549032788	5.838235294117647	0.004686117172241211
200	204	3	193	545.3899063840054	5.627450980392157	0.004387378692626953
200	204	3	196	552.6660927682411	5.495098039215686	0.0044209957122802734
200	204	3	17	556.7304261882848	5.504901960784314	0.00407099723815918
200	204	3	39	575.2077511120068	5.9068627450980395	0.0045583248138427734
200	204	3	190	572.0986055200212	5.882352941176471	0.004691123962402344
200	204	3	184	564.1456239989594	5.6911764705882355	0.004193305969238281
200	204	3	179	573.6298792554435	5.818627450980392	0.004748344421386719
200	204	3	19	554.3522670045519	5.568627450980392	0.0040912628173828125
200	204	3	22	573.3620099851942	5.911764705882353	0.004317522048950195
200	204	3	109	589.9783697629405	6.200980392156863	0.005011796951293945
200	204	3	10	577.4284538125669	5.950980392156863	0.004508256912231445
200	204	3	86	563.3188134771864	5.720588235294118	0.004524707794189453
200	204	3	107	562.9526022392936	5.818627450980392	0.0045430660247802734
200	204	3	108	574.92901144171	5.990196078431373	0.004826784133911133
200	204	3	141	553.8393725934693	5.632352941176471	0.004585981369018555
200	204	3	34	570.705159118874	5.848039215686274	0.004410505294799805
200	204	3	131	570.1479909589881	5.78921568627451	0.004683017730712891
200	204	3	37	562.2743855257462	5.598039215686274	0.004277706146240234
200	204	3	44	564.3122360524482	5.715686274509804	0.004334211349487305
200	204	3	45	569.8483831309421	5.985294117647059	0.004960775375366211
200	204	3	11	571.4265295713644	5.882352941176471	0.004820823669433594
200	204	3	158	573.6482759720174	5.911764705882353	0.0047321319580078125
200	204	3	114	573.4131644756678	5.926470588235294	0.004496097564697266
200	204	3	94	560.491524934129	5.784313725490196	0.004694700241088867
200	204	3	139	551.6052323107672	5.480392156862745	0.00407719612121582
200	204	3	60	568.6098852888109	5.715686274509804	0.004642486572265625
200	204	3	12	559.9745086155252	5.838235294117647	0.0043659210205078125
200	204	3	137	572.6084544613094	5.9411764705882355	0.004328012466430664
200	204	3	172	568.1543568734148	5.8088235294117645	0.0046923160552978516
200	204	3	115	579.74044912169	6.068627450980392	0.00448918342590332
200	204	3	7	561.6899564906254	5.71078431372549	0.00423121452331543
200	204	3	110	570.6061376395016	5.794117647058823	0.004395961761474609
200	204	3	36	562.1533695821311	5.779411764705882	0.004234790802001953
200	204	3	18	565.1387430440409	5.715686274509804	0.004236936569213867
200	204	3	72	569.5703593608305	5.818627450980392	0.004636049270629883
200	204	3	5	565.5330803965293	5.730392156862745	0.004302501678466797
200	204	3	25	563.5717026366535	5.602941176470588	0.004125356674194336
200	204	3	28	575.0661105215285	5.985294117647059	0.0043447017669677734
200	204	3	58	577.9116431068476	5.9068627450980395	0.004681587219238281
200	204	3	43	562.8364483557808	5.735294117647059	0.004556894302368164
200	204	3	189	563.869855800309	5.715686274509804	0.0041391849517822266
200	204	3	159	568.9076196901784	5.838235294117647	0.004467010498046875
200	204	3	31	573.1848808189133	5.926470588235294	0.004308223724365234
200	204	3	9	559.4255952801586	5.602941176470588	0.004239559173583984
200	204	3	113	567.2413861589137	5.8088235294117645	0.0048046112060546875
200	204	3	49	565.9507940922616	5.8431372549019605	0.004742145538330078
200	204	3	191	585.0476618055272	6.151960784313726	0.00446009635925293
200	204	3	32	563.3761068256513	5.784313725490196	0.0046689510345458984
200	204	3	8	568.9252688708128	5.794117647058823	0.004667520523071289
200	204	3	40	562.6513179842339	5.681372549019608	0.004487276077270508
200	204	3	96	575.8217052860143	5.936274509803922	0.004805326461791992
200	204	3	85	558.0452573707266	5.651960784313726	0.0040357112884521484
200	204	3	194	578.3358621393286	6.044117647058823	0.004442453384399414
200	204	3	68	578.0768292109769	5.887254901960785	0.004390239715576172
200	204	3	181	562.4883614077592	5.705882352941177	0.0045261383056640625
200	204	3	95	579.1504172621578	6.034313725490196	0.004656076431274414
200	204	3	98	575.1666156496806	5.9754901960784315	0.004250049591064453
200	204	3	101	586.6598076279071	6.088235294117647	0.00435328483581543
200	204	3	1	556.2230437331234	5.661764705882353	0.0045108795166015625
200	204	3	140	565.3071559336406	5.71078431372549	0.0041446685791015625
200	204	3	73	573.2751787747795	5.8088235294117645	0.004300355911254883
200	204	3	24	557.5256910056243	5.700980392156863	0.004530906677246094
200	204	3	14	573.7056166866003	5.892156862745098	0.004670381546020508
200	204	3	121	561.6888218212556	5.769607843137255	0.004156589508056641
200	204	3	38	558.6731852091374	5.813725490196078	0.004275798797607422
200	204	3	35	567.4608495176833	5.813725490196078	0.004388332366943359
200	204	3	157	556.8630475387183	5.735294117647059	0.004267215728759766
200	204	3	170	580.5132250620045	5.931372549019608	0.0042362213134765625
200	204	3	82	563.7219273161318	5.764705882352941	0.004118680953979492
200	204	3	122	558.4518106616555	5.715686274509804	0.0042192935943603516
200	204	3	6	567.7266783839999	5.715686274509804	0.004411935806274414
200	204	3	57	568.7045195130632	5.71078431372549	0.004319190979003906
200	204	3	27	576.3712848564029	5.887254901960785	0.004792928695678711
200	204	3	2	578.4766327643629	5.857843137254902	0.0047910213470458984
200	204	3	188	570.3691652622077	5.848039215686274	0.0042760372161865234
200	204	3	3	574.5783310679865	5.965686274509804	0.004820823669433594
200	204	3	149	574.0214889757245	5.882352941176471	0.004614114761352539
200	204	3	138	575.0953479524475	5.833333333333333	0.004221677780151367
200	204	3	21	563.8952450058106	5.838235294117647	0.0043108463287353516
200	204	3	26	559.3921733913153	5.598039215686274	0.003996372222900391
200	204	3	0	576.5701287792219	5.936274509803922	0.004876613616943359
200	204	3	30	562.105714337903	5.71078431372549	0.0041463375091552734
200	204	3	4	556.7809194361721	5.617647058823529	0.004157304763793945
200	204	3	97	580.266129249612	6.0588235294117645	0.004555702209472656
200	204	3	62	574.1572877171163	5.911764705882353	0.004171609878540039
200	204	3	29	565.3413340775083	5.784313725490196	0.004723310470581055
200	204	3	176	582.8038440571696	5.96078431372549	0.0047724246978759766
200	204	3	16	571.9394679581573	5.916666666666667	0.0044269561767578125
200	204	3	167	567.5799593650922	5.857843137254902	0.004258394241333008
200	204	3	80	559.0835986935128	5.632352941176471	0.004170656204223633
200	204	3	66	555.6769143306326	5.735294117647059	0.004559755325317383
