200	176	-1	65	469.93315747254314	469.93315747254314	5.846590909090909
200	176	-1	71	490.26179442938417	490.26179442938417	6.034090909090909
200	176	-1	70	477.11988240046026	477.11988240046026	5.795454545454546
200	176	-1	168	496.35301084695817	496.3530108469582	5.755681818181818
200	176	-1	197	486.4511538013948	486.4511538013948	5.9147727272727275
200	176	-1	64	487.283289520068	487.283289520068	5.988636363636363
200	176	-1	81	472.452281436999	472.45228143699904	6.301136363636363
200	176	-1	104	499.1445878728581	499.14458787285815	6.079545454545454
200	176	-1	84	490.8435072389647	490.8435072389647	5.886363636363637
200	176	-1	69	474.67920484022363	474.67920484022363	6.340909090909091
200	176	-1	67	476.24243606293237	476.24243606293237	5.840909090909091
200	176	-1	153	507.87424922469313	507.87424922469313	6.136363636363637
200	176	-1	132	487.6212497360673	487.6212497360673	5.880681818181818
200	176	-1	199	483.16832167223225	483.16832167223225	6.0227272727272725
200	176	-1	164	471.5248250147173	471.5248250147173	5.9772727272727275
200	176	-1	78	482.0584419715901	482.0584419715901	6.096590909090909
200	176	-1	105	489.05623174694574	489.05623174694574	6.051136363636363
200	176	-1	195	483.9256411166503	483.9256411166503	6.056818181818182
200	176	-1	102	492.754883156285	492.754883156285	5.9147727272727275
200	176	-1	145	487.1178790835356	487.1178790835357	5.818181818181818
200	176	-1	88	487.33514911129487	487.33514911129487	5.744318181818182
200	176	-1	163	481.8698256700186	481.8698256700186	5.670454545454546
200	176	-1	143	498.5843309053062	498.5843309053062	5.8522727272727275
200	176	-1	146	485.342582634833	485.342582634833	5.6875
200	176	-1	166	490.8953440835299	490.89534408352995	6.284090909090909
200	176	-1	165	490.24610780253965	490.24610780253965	6.096590909090909
200	176	-1	152	490.955243139837	490.955243139837	5.795454545454546
200	176	-1	117	475.2408488434959	475.2408488434959	5.926136363636363
200	176	-1	91	479.6467024309921	479.6467024309921	5.778409090909091
200	176	-1	144	493.4902901969795	493.4902901969795	6.113636363636363
200	176	-1	124	493.6300627451413	493.6300627451413	5.840909090909091
200	176	-1	182	488.9805894579242	488.9805894579242	6.198863636363637
200	176	-1	56	491.62733606473137	491.62733606473137	6.0625
200	176	-1	123	468.190028386778	468.19002838677807	6.2102272727272725
200	176	-1	154	498.8378017840884	498.8378017840884	6.25
200	176	-1	147	478.4571841782493	478.4571841782493	6.346590909090909
200	176	-1	55	488.09457695107153	488.0945769510716	6.221590909090909
200	176	-1	116	488.1422507123545	488.1422507123545	5.761363636363637
200	176	-1	111	498.8709761282117	498.8709761282117	5.8352272727272725
200	176	-1	63	482.20498989133745	482.2049898913375	6.0397727272727275
200	176	-1	160	489.80870590945096	489.80870590945096	6.051136363636363
200	176	-1	183	495.2717307816391	495.2717307816392	5.926136363636363
200	176	-1	133	472.74984794641705	472.74984794641705	6.113636363636363
200	176	-1	173	502.3995930500193	502.3995930500193	5.863636363636363
200	176	-1	99	474.5710153691948	474.57101536919475	5.9772727272727275
200	176	-1	126	480.19845206012826	480.19845206012826	5.329545454545454
200	176	-1	106	478.23192586029614	478.2319258602962	5.744318181818182
200	176	-1	89	477.8504569679928	477.85045696799284	5.9772727272727275
200	176	-1	155	483.89575042503384	483.89575042503384	5.943181818181818
200	176	-1	112	473.26423233315757	473.26423233315757	6.267045454545454
200	176	-1	74	476.4241193589577	476.42411935895774	5.875
200	176	-1	150	472.70345109977285	472.70345109977285	5.823863636363637
200	176	-1	130	489.83046921351155	489.83046921351155	5.994318181818182
200	176	-1	119	476.47395279322075	476.47395279322075	5.948863636363637
200	176	-1	186	493.1129010303899	493.11290103038993	6.125
200	176	-1	175	490.1774238747357	490.1774238747358	5.926136363636363
200	176	-1	100	481.87985681631324	481.87985681631324	6.153409090909091
200	176	-1	162	466.9409038988318	466.94090389883183	6.369318181818182
200	176	-1	59	494.92513205068576	494.92513205068576	6.25
200	176	-1	83	485.63471306531517	485.63471306531517	5.965909090909091
200	176	-1	61	503.0500402912438	503.0500402912438	5.875
200	176	-1	54	487.14624447724236	487.1462444772424	6.198863636363637
200	176	-1	53	490.7025401560171	490.70254015601716	5.920454545454546
200	176	-1	118	489.1096258073132	489.10962580731325	6.193181818181818
200	176	-1	79	501.66928764940513	501.66928764940513	6.136363636363637
200	176	-1	187	473.2360409704699	473.2360409704699	5.9147727272727275
200	176	-1	75	486.20512853083244	486.2051285308325	6.0
200	176	-1	198	482.1223966756043	482.1223966756043	6.0
200	176	-1	169	473.2970749990283	473.2970749990284	5.863636363636363
200	176	-1	76	505.10074264661586	505.10074264661586	6.130681818181818
200	176	-1	177	489.1005549073614	489.1005549073614	5.698863636363637
200	176	-1	90	493.3508991132064	493.3508991132064	6.1477272727272725
200	176	-1	174	499.22590468775013	499.22590468775013	6.107954545454546
200	176	-1	178	480.3618259043341	480.3618259043341	5.676136363636363
200	176	-1	192	482.30767306853136	482.3076730685314	6.193181818181818
200	176	-1	52	492.27986740586005	492.27986740586005	5.8522727272727275
200	176	-1	156	481.4358184972276	481.4358184972276	5.988636363636363
200	176	-1	127	492.6889475121277	492.6889475121277	6.034090909090909
200	176	-1	47	488.5200610609508	488.5200610609508	6.096590909090909
200	176	-1	42	492.97222135780504	492.97222135780504	5.880681818181818
200	176	-1	125	491.9033263755278	491.9033263755278	5.943181818181818
200	176	-1	185	476.437894570693	476.437894570693	5.926136363636363
200	176	-1	50	486.3055025483509	486.3055025483509	5.886363636363637
200	176	-1	23	485.6949056616484	485.6949056616484	5.926136363636363
200	176	-1	103	479.09674699887347	479.0967469988736	6.2102272727272725
200	176	-1	41	489.9042434729588	489.90424347295885	6.261363636363637
200	176	-1	134	480.49234593567775	480.49234593567775	5.9772727272727275
200	176	-1	136	498.5938338772403	498.5938338772403	6.119318181818182
200	176	-1	93	485.62333736510226	485.62333736510226	5.704545454545454
200	176	-1	77	470.61610704100394	470.616107041004	6.073863636363637
200	176	-1	148	496.4091256027896	496.40912560278963	5.909090909090909
200	176	-1	51	483.9799600258642	483.9799600258642	5.9147727272727275
200	176	-1	46	489.6702870599517	489.6702870599517	5.784090909090909
200	176	-1	151	490.7197630904421	490.71976309044214	5.931818181818182
200	176	-1	161	484.2467014240494	484.2467014240494	5.875
200	176	-1	92	489.2905661697263	489.29056616972633	5.880681818181818
200	176	-1	171	492.26051954523604	492.2605195452361	5.693181818181818
200	176	-1	33	488.21179471704073	488.21179471704073	5.886363636363637
200	176	-1	87	488.1389095905088	488.13890959050883	5.829545454545454
200	176	-1	48	503.62675834342906	503.6267583434291	5.784090909090909
200	176	-1	129	480.5282547667241	480.5282547667241	5.619318181818182
200	176	-1	13	502.74155824982637	502.74155824982637	5.857954545454546
200	176	-1	120	491.49931102665283	491.4993110266529	6.068181818181818
200	176	-1	20	489.156402736728	489.15640273672807	6.1875
200	176	-1	180	471.91064729086	471.91064729086	6.357954545454546
200	176	-1	15	489.90362252162066	489.9036225216207	6.204545454545454
200	176	-1	142	500.1168612247742	500.1168612247742	6.045454545454546
200	176	-1	135	482.1130173776557	482.1130173776557	6.221590909090909
200	176	-1	128	486.42198419059383	486.4219841905939	5.488636363636363
200	176	-1	193	481.70086280847033	481.70086280847033	5.653409090909091
200	176	-1	196	489.7694823735248	489.76948237352485	5.613636363636363
200	176	-1	17	480.2999619431408	480.29996194314083	5.732954545454546
200	176	-1	39	485.5178400885004	485.51784008850046	6.329545454545454
200	176	-1	19	494.66063134955334	494.66063134955334	5.715909090909091
200	176	-1	190	487.5506248646634	487.5506248646634	6.068181818181818
200	176	-1	184	492.70161290814957	492.7016129081496	5.8125
200	176	-1	22	493.76476298811207	493.76476298811207	6.261363636363637
200	176	-1	179	503.1917276801593	503.1917276801594	6.107954545454546
200	176	-1	109	510.27290530155614	510.27290530155614	6.471590909090909
200	176	-1	10	499.3512672230488	499.3512672230488	6.0397727272727275
200	176	-1	86	467.92302294804034	467.92302294804034	6.045454545454546
200	176	-1	107	487.77861151708123	487.7786115170813	5.971590909090909
200	176	-1	141	479.84503141404645	479.84503141404645	5.875
200	176	-1	108	489.81163875037237	489.8116387503724	6.125
200	176	-1	34	488.44265692087504	488.44265692087504	6.125
200	176	-1	131	497.23880559651	497.23880559651	5.8977272727272725
200	176	-1	44	482.4467996571843	482.4467996571843	6.0
200	176	-1	37	492.16585257217156	492.16585257217156	5.6875
200	176	-1	45	494.2435056512822	494.2435056512822	6.204545454545454
200	176	-1	11	472.3148254228527	472.3148254228528	6.318181818181818
200	176	-1	158	493.4751658106032	493.4751658106032	6.2897727272727275
200	176	-1	114	488.75939037513194	488.75939037513194	6.068181818181818
200	176	-1	94	480.41837219706633	480.41837219706633	5.880681818181818
200	176	-1	139	492.8809166713218	492.88091667132187	5.5397727272727275
200	176	-1	60	490.0785399721157	490.0785399721158	5.886363636363637
200	176	-1	12	479.30769305713125	479.3076930571313	6.090909090909091
200	176	-1	137	498.59980880137016	498.5998088013702	6.136363636363637
200	176	-1	172	488.1393599472484	488.1393599472484	6.017045454545454
200	176	-1	115	503.57130028121685	503.5713002812168	6.403409090909091
200	176	-1	7	486.61462674046174	486.61462674046174	5.920454545454546
200	176	-1	110	488.187765925045	488.187765925045	5.931818181818182
200	176	-1	36	479.59922186660197	479.59922186660197	6.068181818181818
200	176	-1	18	488.4481911621566	488.44819116215666	5.988636363636363
200	176	-1	5	492.967315892196	492.967315892196	5.840909090909091
200	176	-1	72	492.8304981714378	492.8304981714378	6.198863636363637
200	176	-1	25	493.7467688290319	493.7467688290319	5.818181818181818
200	176	-1	28	484.37194284705777	484.37194284705777	6.5
200	176	-1	58	491.9860762067463	491.9860762067463	6.079545454545454
200	176	-1	43	480.5213514743105	480.52135147431056	5.982954545454546
200	176	-1	189	495.86379948805387	495.86379948805387	5.732954545454546
200	176	-1	159	498.78362872293764	498.78362872293764	5.875
200	176	-1	9	476.0966289626478	476.0966289626479	5.920454545454546
200	176	-1	31	497.9043690525592	497.9043690525592	6.176136363636363
200	176	-1	113	484.497855773154	484.49785577315396	6.181818181818182
200	176	-1	49	478.4511985258699	478.4511985258699	6.2727272727272725
200	176	-1	191	506.0971566209713	506.0971566209713	6.363636363636363
200	176	-1	32	487.18835858386734	487.18835858386734	5.886363636363637
200	176	-1	8	495.95293326841556	495.95293326841556	5.9772727272727275
200	176	-1	40	496.5928238645798	496.5928238645798	5.9602272727272725
200	176	-1	96	492.79318100760594	492.79318100760594	6.232954545454546
200	176	-1	85	503.82200980914587	503.82200980914587	5.767045454545454
200	176	-1	194	494.5426186372411	494.5426186372411	6.323863636363637
200	176	-1	68	497.53690208175954	497.5369020817596	6.1875
200	176	-1	181	488.1005722908521	488.10057229085214	5.818181818181818
200	176	-1	95	499.34946099203256	499.3494609920326	6.107954545454546
200	176	-1	1	489.2454586282002	489.2454586282002	5.755681818181818
200	176	-1	98	474.0075776563136	474.0075776563136	6.551136363636363
200	176	-1	101	510.1913503675498	510.1913503675498	6.323863636363637
200	176	-1	140	481.35047334118565	481.35047334118565	6.011363636363637
200	176	-1	73	511.1814957494338	511.1814957494338	5.982954545454546
200	176	-1	14	491.4335178688014	491.43351786880146	6.1022727272727275
200	176	-1	24	470.05169355522537	470.05169355522537	5.920454545454546
200	176	-1	121	478.52596956705054	478.52596956705054	6.142045454545454
200	176	-1	38	485.76551310376516	485.76551310376516	5.943181818181818
200	176	-1	35	482.0733677380989	482.0733677380989	6.017045454545454
200	176	-1	157	485.3081829091654	485.3081829091654	5.840909090909091
200	176	-1	170	519.3542486972352	519.3542486972352	6.051136363636363
200	176	-1	82	472.80061049344	472.80061049344	6.369318181818182
200	176	-1	122	478.45075252709756	478.45075252709756	5.943181818181818
200	176	-1	6	493.8901228130505	493.89012281305054	6.0227272727272725
200	176	-1	27	503.18175740641334	503.18175740641334	6.2272727272727275
200	176	-1	57	496.57237523704043	496.57237523704043	5.857954545454546
200	176	-1	2	484.68066874237593	484.68066874237593	6.295454545454546
200	176	-1	3	493.533033007417	493.53303300741703	6.232954545454546
200	176	-1	188	478.4582909076028	478.4582909076028	6.198863636363637
200	176	-1	149	503.44265176499124	503.4426517649913	6.011363636363637
200	176	-1	138	489.5843668406616	489.5843668406616	6.107954545454546
200	176	-1	21	489.00841804708534	489.0084180470854	5.931818181818182
200	176	-1	26	491.33555543250117	491.3355554325012	5.75
200	176	-1	0	496.7699986850212	496.7699986850212	6.193181818181818
200	176	-1	30	477.24034637099186	477.24034637099186	5.886363636363637
200	176	-1	4	467.7413013199616	467.7413013199616	6.028409090909091
200	176	-1	97	501.6447092139397	501.64470921393973	6.295454545454546
200	176	-1	62	507.2819190030792	507.2819190030792	6.051136363636363
200	176	-1	29	489.29663322923767	489.29663322923767	6.0
200	176	-1	176	495.42299989019773	495.42299989019773	6.284090909090909
200	176	-1	16	482.0858185348392	482.0858185348392	6.090909090909091
200	176	-1	167	485.9183324395684	485.9183324395684	6.221590909090909
200	176	-1	80	490.31679366022263	490.3167936602227	5.8522727272727275
200	176	-1	66	485.19408060092866	485.19408060092866	5.8125
