200	130	-1	145	2147.553372555224	2238.0	5.8
200	130	-1	133	2371.5674985863766	2482.0	6.046153846153846
200	130	-1	104	2360.1943383804332	2444.0	6.092307692307692
200	130	-1	164	2157.1786776574622	2260.0	5.8307692307692305
200	130	-1	113	2267.965773976819	2406.0	6.046153846153846
200	130	-1	198	2167.0724623951587	2257.0	5.838461538461538
200	130	-1	107	2335.1213001792644	2405.0	6.069230769230769
200	130	-1	116	2072.217857764224	2171.0	5.623076923076923
200	130	-1	163	2128.280186740011	2232.0	5.769230769230769
200	130	-1	143	2185.4124381275633	2280.0	5.892307692307693
200	130	-1	130	2401.669872344663	2534.0	6.046153846153846
200	130	-1	153	2262.663746968028	2375.0	5.992307692307692
200	130	-1	56	2286.792093356621	2383.0	5.992307692307692
200	130	-1	126	1985.4998140621526	2093.0	5.561538461538461
200	130	-1	106	2063.8019788306774	2167.0	5.6692307692307695
200	130	-1	165	2322.8657360310717	2429.0	5.992307692307692
200	130	-1	64	2391.0310918726623	2516.0	6.107692307692307
200	130	-1	134	2241.8621494652693	2362.0	5.984615384615385
200	130	-1	112	2278.1716880819904	2390.0	5.953846153846154
200	130	-1	199	2215.3101543324674	2325.0	5.8538461538461535
200	130	-1	110	2128.435645019767	2232.0	5.753846153846154
200	130	-1	156	2365.0134981825113	2491.0	6.038461538461538
200	130	-1	160	2280.5900202882067	2394.0	5.969230769230769
200	130	-1	147	2448.589490247148	2538.0	6.2
200	130	-1	115	2533.7482905541165	2617.0	6.346153846153846
200	130	-1	131	2170.936651018622	2271.0	5.869230769230769
200	130	-1	65	2103.9239728972334	2189.0	5.6692307692307695
200	130	-1	139	2098.6052063334246	2206.0	5.753846153846154
200	130	-1	195	2184.3779519321765	2255.0	5.8538461538461535
200	130	-1	102	2210.203515331114	2313.0	5.838461538461538
200	130	-1	66	2279.3332668454664	2381.0	5.915384615384616
200	130	-1	157	2274.0735828285765	2407.0	6.023076923076923
200	130	-1	161	2160.4953190061465	2262.0	5.861538461538461
200	130	-1	127	2274.4378974152532	2397.0	5.930769230769231
200	130	-1	109	2543.482452556434	2669.0	6.2846153846153845
200	130	-1	194	2516.316808303557	2635.0	6.269230769230769
200	130	-1	58	2264.8844084340726	2373.0	6.007692307692308
200	130	-1	68	2147.5926190725227	2271.0	5.884615384615385
200	130	-1	114	2265.098961809705	2344.0	5.984615384615385
200	130	-1	135	2348.4322509747626	2452.0	6.092307692307692
200	130	-1	169	2249.683378330174	2368.0	5.938461538461539
200	130	-1	152	2277.520346819442	2370.0	5.953846153846154
200	130	-1	190	2392.4721893039487	2543.0	6.1461538461538465
200	130	-1	121	2247.09864044986	2338.0	5.938461538461539
200	130	-1	69	2323.319598363055	2442.0	6.076923076923077
200	130	-1	57	2222.3617621683056	2329.0	5.930769230769231
200	130	-1	166	2643.754997437312	2770.0	6.369230769230769
200	130	-1	142	2332.8412395347623	2454.0	6.046153846153846
200	130	-1	170	2403.373106918412	2551.0	6.130769230769231
200	130	-1	168	2168.6899416692468	2260.0	5.7846153846153845
200	130	-1	151	2202.858776927906	2289.0	5.930769230769231
200	130	-1	136	2287.5287379217098	2398.0	5.984615384615385
200	130	-1	108	2366.7071469914	2466.0	6.076923076923077
200	130	-1	89	2242.0598836490703	2339.0	5.961538461538462
200	130	-1	140	2264.4600741836907	2343.0	5.961538461538462
200	130	-1	137	2448.8057410167053	2560.0	6.107692307692307
200	130	-1	88	2145.29923637707	2240.0	5.753846153846154
200	130	-1	120	2320.7266829543105	2428.0	6.061538461538461
200	130	-1	128	2038.6534559829302	2134.0	5.630769230769231
200	130	-1	132	2136.8548509005623	2253.0	5.776923076923077
200	130	-1	100	2281.4116244652314	2374.0	5.953846153846154
200	130	-1	159	2335.793642339404	2436.0	6.046153846153846
200	130	-1	35	2221.27029381892	2308.0	5.907692307692308
200	130	-1	76	2346.8441222710526	2491.0	6.084615384615384
200	130	-1	196	2069.7136881728484	2161.0	5.730769230769231
200	130	-1	162	2373.021032270487	2518.0	5.938461538461539
200	130	-1	117	2338.9993906364566	2465.0	6.038461538461538
200	130	-1	123	2236.9639299608602	2337.0	5.930769230769231
200	130	-1	192	2275.5573589889327	2384.0	5.984615384615385
200	130	-1	25	2146.2842795848874	2254.0	5.753846153846154
200	130	-1	149	2287.3643252811953	2407.0	6.038461538461538
200	130	-1	122	2295.131470505669	2434.0	5.984615384615385
200	130	-1	21	2304.790294982005	2435.0	5.992307692307692
200	130	-1	67	2148.369062518049	2243.0	5.730769230769231
200	130	-1	24	2182.151532986324	2290.0	5.815384615384615
200	130	-1	189	2339.531283033774	2463.0	5.976923076923077
200	130	-1	70	2173.078566588642	2288.0	5.8
200	130	-1	62	2317.919941327228	2389.0	6.069230769230769
200	130	-1	167	2299.318021317593	2451.0	6.007692307692308
200	130	-1	26	2122.4057717019864	2218.0	5.707692307692308
200	130	-1	154	2290.3264171114993	2414.0	5.953846153846154
200	130	-1	29	2368.6090606257417	2501.0	6.130769230769231
200	130	-1	40	2155.817067970291	2256.0	5.8
200	130	-1	33	2258.0364782031666	2350.0	5.953846153846154
200	130	-1	53	2141.1451793959336	2258.0	5.769230769230769
200	130	-1	103	2315.80086977665	2403.0	6.023076923076923
200	130	-1	55	2413.4795621570825	2545.0	6.207692307692308
200	130	-1	193	2131.752677342499	2252.0	5.769230769230769
200	130	-1	96	2373.609101503408	2482.0	6.138461538461539
200	130	-1	118	2564.1656375071425	2693.0	6.376923076923077
200	130	-1	105	2228.690832959708	2324.0	5.923076923076923
200	130	-1	144	2384.1816138273894	2510.0	6.1692307692307695
200	130	-1	150	2281.2505671958556	2419.0	5.961538461538462
200	130	-1	9	2136.4754992608046	2236.0	5.846153846153846
200	130	-1	181	2234.2901874232657	2335.0	5.838461538461538
200	130	-1	158	2245.765126943635	2366.0	6.0
200	130	-1	54	2225.9575385560893	2341.0	5.961538461538462
200	130	-1	111	2228.878688617836	2359.0	5.946153846153846
200	130	-1	78	2310.9487492912103	2421.0	5.961538461538462
200	130	-1	99	2247.4364566522163	2343.0	5.961538461538462
200	130	-1	50	2330.937867235327	2455.0	6.023076923076923
200	130	-1	146	2050.577080625255	2167.0	5.6692307692307695
200	130	-1	59	2441.79289134298	2539.0	6.223076923076923
200	130	-1	44	2166.2785185660755	2273.0	5.838461538461538
200	130	-1	18	2246.9611665732295	2347.0	5.915384615384616
200	130	-1	124	2159.553191094687	2278.0	5.876923076923077
200	130	-1	15	2298.84097710582	2403.0	6.1
200	130	-1	37	2182.9792447360937	2318.0	5.8
200	130	-1	93	2011.1337530761593	2108.0	5.584615384615384
200	130	-1	87	2227.0261310112483	2323.0	5.961538461538462
200	130	-1	27	2496.636047722405	2583.0	6.346153846153846
200	130	-1	60	2073.34487585833	2180.0	5.7384615384615385
200	130	-1	71	2462.3811087424	2591.0	6.1461538461538465
200	130	-1	17	2130.854278408492	2239.0	5.776923076923077
200	130	-1	77	2351.473360411522	2473.0	6.069230769230769
200	130	-1	155	2358.048824493746	2462.0	6.138461538461539
200	130	-1	191	2450.028782480821	2546.0	6.123076923076923
200	130	-1	3	2423.323986637505	2544.0	6.138461538461539
200	130	-1	5	2083.255399397275	2210.0	5.676923076923077
200	130	-1	19	2133.580230293888	2252.0	5.861538461538461
200	130	-1	30	2237.083793426272	2333.0	5.915384615384616
200	130	-1	138	2265.1435751692266	2352.0	5.969230769230769
200	130	-1	148	2263.078943765264	2375.0	5.976923076923077
200	130	-1	84	2126.997030473852	2233.0	5.8076923076923075
200	130	-1	8	2231.1669476621046	2333.0	5.930769230769231
200	130	-1	45	2373.9705878099735	2514.0	6.123076923076923
200	130	-1	182	2325.305640325421	2430.0	6.046153846153846
200	130	-1	31	2372.0657665947806	2488.0	6.092307692307692
200	130	-1	173	2260.540077803836	2364.0	5.953846153846154
200	130	-1	46	2123.682193772814	2241.0	5.746153846153846
200	130	-1	41	2308.9097211690037	2442.0	6.015384615384615
200	130	-1	28	2415.9020796428676	2527.0	6.207692307692308
200	130	-1	186	2245.289156535417	2352.0	5.907692307692308
200	130	-1	183	2294.4741123085396	2428.0	5.984615384615385
200	130	-1	90	2356.9590205228174	2477.0	6.084615384615384
200	130	-1	14	2328.2230803573043	2428.0	6.076923076923077
200	130	-1	180	2143.9847926010693	2260.0	5.7846153846153845
200	130	-1	51	2210.7232191796256	2334.0	5.846153846153846
200	130	-1	1	2156.146133396134	2290.0	5.8307692307692305
200	130	-1	98	2378.47958087259	2497.0	6.038461538461538
200	130	-1	79	2376.779155391816	2478.0	6.107692307692307
200	130	-1	4	2244.588489224217	2359.0	5.884615384615385
200	130	-1	85	2198.4026043864833	2302.0	5.876923076923077
200	130	-1	83	2191.050844598919	2318.0	5.815384615384615
200	130	-1	34	2280.468639361068	2418.0	6.030769230769231
200	130	-1	129	2039.0767884659112	2141.0	5.6692307692307695
200	130	-1	94	2246.8328776676667	2367.0	5.930769230769231
200	130	-1	20	2343.3387834620603	2449.0	6.1
200	130	-1	171	2214.9398876765563	2293.0	5.915384615384616
200	130	-1	16	2421.4768870947346	2541.0	6.223076923076923
200	130	-1	36	2242.5943794089007	2345.0	5.946153846153846
200	130	-1	80	2184.6368849404353	2295.0	5.838461538461538
200	130	-1	13	2237.20093789734	2360.0	5.969230769230769
200	130	-1	43	2326.808944744653	2425.0	6.038461538461538
200	130	-1	97	2597.7865441528797	2729.0	6.346153846153846
200	130	-1	188	2278.935961490225	2385.0	5.976923076923077
200	130	-1	32	2234.289224054883	2340.0	5.876923076923077
200	130	-1	52	2206.4915823783163	2333.0	5.884615384615385
200	130	-1	175	2338.5368472315286	2449.0	6.038461538461538
200	130	-1	72	2351.091157071267	2493.0	6.115384615384615
200	130	-1	23	2332.516673755801	2470.0	6.0
200	130	-1	82	2303.727907629817	2437.0	6.023076923076923
200	130	-1	47	2307.628468309092	2412.0	5.892307692307693
200	130	-1	12	2319.571619291715	2451.0	5.992307692307692
200	130	-1	179	2377.6614731422114	2496.0	6.184615384615385
200	130	-1	73	2367.779631420484	2493.0	6.115384615384615
200	130	-1	177	2223.212305727646	2344.0	5.892307692307693
200	130	-1	22	2396.402798081726	2513.0	6.130769230769231
200	130	-1	81	2220.943413030058	2350.0	5.892307692307693
200	130	-1	178	2064.77869975651	2174.0	5.707692307692308
200	130	-1	74	2101.297328728619	2205.0	5.746153846153846
200	130	-1	184	2128.160743821481	2227.0	5.823076923076923
200	130	-1	185	2056.738846594243	2173.0	5.607692307692307
200	130	-1	176	2426.7897649511947	2542.0	6.230769230769231
200	130	-1	7	2203.8060356160877	2283.0	5.8538461538461535
200	130	-1	10	2418.4011072110197	2536.0	6.092307692307692
200	130	-1	95	2543.1460566289384	2656.0	6.230769230769231
200	130	-1	172	2256.8332477188355	2345.0	5.976923076923077
200	130	-1	0	2426.494118465045	2517.0	6.176923076923077
200	130	-1	38	2194.025316491153	2299.0	5.823076923076923
200	130	-1	174	2246.4610197354623	2336.0	5.892307692307693
200	130	-1	6	2179.6846995831083	2277.0	5.838461538461538
200	130	-1	91	2052.600640462685	2141.0	5.653846153846154
200	130	-1	187	2171.115890787405	2257.0	5.823076923076923
200	130	-1	11	2377.9239816352915	2473.0	6.038461538461538
200	130	-1	2	2280.4750101942163	2399.0	6.069230769230769
200	130	-1	75	2306.053560397371	2415.0	6.053846153846154
200	130	-1	49	2390.203103616702	2474.0	6.1692307692307695
200	130	-1	63	2332.723743623684	2434.0	6.0
