1000	2	-1	0	15.0	7.5
1000	2	-1	19	15.0	7.5
1000	2	-1	18	17.0	8.5
1000	2	-1	2	18.0	9.0
1000	2	-1	1	17.0	8.5
1000	2	-1	4	12.0	6.0
1000	2	-1	6	15.0	7.5
1000	2	-1	3	18.0	9.0
1000	2	-1	5	18.0	9.0
1000	2	-1	10	14.0	7.0
1000	2	-1	7	14.0	7.0
1000	2	-1	8	16.0	8.0
1000	2	-1	9	17.0	8.5
1000	2	-1	11	16.0	8.0
1000	2	-1	16	19.0	9.5
1000	2	-1	13	17.0	8.5
1000	2	-1	17	18.0	9.0
1000	2	-1	15	20.0	10.0
1000	2	-1	12	20.0	10.0
1000	2	-1	14	18.0	9.0
1000	2	-1	23	15.0	7.5
1000	2	-1	22	15.0	7.5
1000	2	-1	20	17.0	8.5
1000	2	-1	21	16.0	8.0
1000	2	-1	24	18.0	9.0
1000	2	-1	25	14.0	7.0
1000	2	-1	30	17.0	8.5
1000	2	-1	33	16.0	8.0
1000	2	-1	28	18.0	9.0
1000	2	-1	35	17.0	8.5
1000	2	-1	29	18.0	9.0
1000	2	-1	26	17.0	8.5
1000	2	-1	34	20.0	10.0
1000	2	-1	27	16.0	8.0
1000	2	-1	31	15.0	7.5
1000	2	-1	45	9.0	4.5
1000	2	-1	40	12.0	6.0
1000	2	-1	39	13.0	6.5
1000	2	-1	37	14.0	7.0
1000	2	-1	46	19.0	9.5
1000	2	-1	41	19.0	9.5
1000	2	-1	36	18.0	9.0
1000	2	-1	44	20.0	10.0
1000	2	-1	38	15.0	7.5
1000	2	-1	42	16.0	8.0
1000	2	-1	43	19.0	9.5
1000	2	-1	85	11.0	5.5
1000	2	-1	66	13.0	6.5
1000	2	-1	88	11.0	5.5
1000	2	-1	89	17.0	8.5
1000	2	-1	87	17.0	8.5
1000	2	-1	86	17.0	8.5
1000	2	-1	84	18.0	9.0
1000	2	-1	83	18.0	9.0
1000	2	-1	67	17.0	8.5
1000	2	-1	65	16.0	8.0
1000	2	-1	32	18.0	9.0
1000	2	-1	96	16.0	8.0
1000	2	-1	90	18.0	9.0
1000	2	-1	91	19.0	9.5
1000	2	-1	92	16.0	8.0
1000	2	-1	94	20.0	10.0
1000	2	-1	93	16.0	8.0
1000	2	-1	117	15.0	7.5
1000	2	-1	116	16.0	8.0
1000	2	-1	118	17.0	8.5
1000	2	-1	120	15.0	7.5
1000	2	-1	119	18.0	9.0
1000	2	-1	115	21.0	10.5
1000	2	-1	100	18.0	9.0
1000	2	-1	98	16.0	8.0
1000	2	-1	97	19.0	9.5
1000	2	-1	99	19.0	9.5
1000	2	-1	63	18.0	9.0
1000	2	-1	64	21.0	10.5
1000	2	-1	62	20.0	10.0
1000	2	-1	48	11.0	5.5
1000	2	-1	51	15.0	7.5
1000	2	-1	55	15.0	7.5
1000	2	-1	47	15.0	7.5
1000	2	-1	59	16.0	8.0
1000	2	-1	54	17.0	8.5
1000	2	-1	61	17.0	8.5
1000	2	-1	56	17.0	8.5
1000	2	-1	60	18.0	9.0
1000	2	-1	52	18.0	9.0
1000	2	-1	57	19.0	9.5
1000	2	-1	53	14.0	7.0
1000	2	-1	58	19.0	9.5
1000	2	-1	49	20.0	10.0
1000	2	-1	50	18.0	9.0
1000	2	-1	95	17.0	8.5
1000	2	-1	125	12.0	6.0
1000	2	-1	127	14.0	7.0
1000	2	-1	130	18.0	9.0
1000	2	-1	126	13.0	6.5
1000	2	-1	122	13.0	6.5
1000	2	-1	121	14.0	7.0
1000	2	-1	128	17.0	8.5
1000	2	-1	124	19.0	9.5
1000	2	-1	129	17.0	8.5
1000	2	-1	123	15.0	7.5
1000	2	-1	113	10.0	5.0
1000	2	-1	107	14.0	7.0
1000	2	-1	109	14.0	7.0
1000	2	-1	106	14.0	7.0
1000	2	-1	105	15.0	7.5
1000	2	-1	108	17.0	8.5
1000	2	-1	114	18.0	9.0
1000	2	-1	112	18.0	9.0
1000	2	-1	111	19.0	9.5
1000	2	-1	104	19.0	9.5
1000	2	-1	110	19.0	9.5
1000	2	-1	81	12.0	6.0
1000	2	-1	75	13.0	6.5
1000	2	-1	82	15.0	7.5
1000	2	-1	68	15.0	7.5
1000	2	-1	74	13.0	6.5
1000	2	-1	76	15.0	7.5
1000	2	-1	72	15.0	7.5
1000	2	-1	78	16.0	8.0
1000	2	-1	71	16.0	8.0
1000	2	-1	73	16.0	8.0
1000	2	-1	70	16.0	8.0
1000	2	-1	77	16.0	8.0
1000	2	-1	80	19.0	8.5
1000	2	-1	79	19.0	9.5
1000	2	-1	69	20.0	10.0
1000	2	-1	154	14.0	7.0
1000	2	-1	153	16.0	8.0
1000	2	-1	147	15.0	7.5
1000	2	-1	151	14.0	7.0
1000	2	-1	152	18.0	9.0
1000	2	-1	150	19.0	9.5
1000	2	-1	148	21.0	10.5
1000	2	-1	149	14.0	7.0
1000	2	-1	102	16.0	8.0
1000	2	-1	101	14.0	7.0
1000	2	-1	159	11.0	5.5
1000	2	-1	155	19.0	9.5
1000	2	-1	161	13.0	6.5
1000	2	-1	162	18.0	9.0
1000	2	-1	157	16.0	8.0
1000	2	-1	158	16.0	8.0
1000	2	-1	103	14.0	7.0
1000	2	-1	160	18.0	9.0
1000	2	-1	143	11.0	5.5
1000	2	-1	140	13.0	6.5
1000	2	-1	138	13.0	6.5
1000	2	-1	142	14.0	7.0
1000	2	-1	131	15.0	7.5
1000	2	-1	137	17.0	8.5
1000	2	-1	139	17.0	8.5
1000	2	-1	145	17.0	8.5
1000	2	-1	135	15.0	7.5
1000	2	-1	141	18.0	9.0
1000	2	-1	132	18.0	9.0
1000	2	-1	134	18.0	9.0
1000	2	-1	133	19.0	9.5
1000	2	-1	146	19.0	9.5
1000	2	-1	144	15.0	7.5
1000	2	-1	166	10.0	5.0
1000	2	-1	163	16.0	8.0
1000	2	-1	164	16.0	8.0
1000	2	-1	165	18.0	9.0
1000	2	-1	136	15.0	7.5
1000	2	-1	156	16.0	8.0
1000	2	-1	191	11.0	5.5
1000	2	-1	194	14.0	7.0
1000	2	-1	195	14.0	7.0
1000	2	-1	190	14.0	7.0
1000	2	-1	187	13.0	6.5
1000	2	-1	193	15.0	7.5
1000	2	-1	186	15.0	7.5
1000	2	-1	199	17.0	8.5
1000	2	-1	197	17.0	8.5
1000	2	-1	196	18.0	9.0
1000	2	-1	189	18.0	9.0
1000	2	-1	185	17.0	8.5
1000	2	-1	198	18.0	9.0
1000	2	-1	184	20.0	10.0
1000	2	-1	192	17.0	8.5
1000	2	-1	188	17.0	8.5
1000	2	-1	182	14.0	7.0
1000	2	-1	174	16.0	8.0
1000	2	-1	173	14.0	7.0
1000	2	-1	183	15.0	7.5
1000	2	-1	179	15.0	7.5
1000	2	-1	177	15.0	7.5
1000	2	-1	175	14.0	7.0
1000	2	-1	176	17.0	8.5
1000	2	-1	180	14.0	7.0
1000	2	-1	181	17.0	8.5
1000	2	-1	178	17.0	8.5
1000	2	-1	171	15.0	7.5
1000	2	-1	170	18.0	9.0
1000	2	-1	167	18.0	9.0
1000	2	-1	168	21.0	10.5
1000	2	-1	169	20.0	10.0
1000	2	-1	172	18.0	9.0
