1000	1836	3	33	152867.0	8.097494553376906	 339.98487281799316 
1000	1836	3	57	156254.0	8.188453159041394	 3985.0660638809204 
1000	1836	3	186	156185.0	8.17483660130719	 2274.5102109909058 
1000	1836	3	130	155054.0	8.15359477124183	 1419.6886897087097 
1000	1836	3	127	153641.0	8.127995642701524	 4006.877144098282 
1000	1836	3	198	152449.0	8.070261437908497	 2791.7920818328857 
1000	1836	3	96	153454.0	8.122004357298476	 2588.3340554237366 
1000	1836	3	25	150991.0	8.04847494553377	 3991.5138857364655 
1000	1836	3	68	153412.0	8.10893246187364	 3970.0063586235046 
1000	1836	3	111	154629.0	8.14433551198257	 4005.2635600566864 
1000	1836	3	92	153762.0	8.115468409586057	 1126.0932981967926 
1000	1836	3	37	155048.0	8.148148148148149	 3982.99528837204 
1000	1836	3	20	154179.0	8.131263616557733	 3962.774077653885 
1000	1836	3	45	154221.0	8.129084967320262	 4037.9168906211853 
1000	1836	3	100	154725.0	8.143246187363834	 4002.529142856598 
1000	1836	3	89	150971.0	8.044117647058824	 2234.481207370758 
1000	1836	3	132	151249.0	8.043028322440087	 3994.39245057106 
1000	1836	3	102	154096.0	8.130718954248366	 597.1423056125641 
1000	1836	3	149	152265.0	8.085511982570806	 2777.3060035705566 
1000	1836	3	172	153675.0	8.114923747276688	 3650.2879559993744 
1000	1836	3	108	156615.0	8.194444444444445	 3996.347559928894 
1000	1836	3	107	155448.0	8.163398692810457	 3760.4716958999634 
1000	1836	3	161	156156.0	8.169934640522875	 1970.1489567756653 
1000	1836	3	169	153788.0	8.12636165577342	 2283.2835505008698 
1000	1836	3	36	151607.0	8.06045751633987	 814.5676066875458 
1000	1836	3	178	150636.0	8.029411764705882	 3005.157821893692 
1000	1836	3	49	155420.0	8.154684095860567	 984.7593393325806 
1000	1836	3	82	153711.0	8.111655773420479	 2906.6160209178925 
1000	1836	3	79	153153.0	8.109477124183007	 3994.309830904007 
1000	1836	3	16	155752.0	8.178649237472767	 3312.7310738563538 
1000	1836	3	170	155224.0	8.154684095860567	 3996.698972463608 
1000	1836	3	183	155649.0	8.160675381263616	 3983.7616827487946 
1000	1836	3	62	153895.0	8.114923747276688	 1260.9683842658997 
1000	1836	3	71	156810.0	8.197167755991286	 4002.5112166404724 
1000	1836	3	90	153736.0	8.122004357298476	 3623.061101436615 
1000	1836	3	76	151789.0	8.076797385620916	 3989.631613969803 
1000	1836	3	174	156594.0	8.194989106753813	 3990.2479677200317 
1000	1836	3	181	156105.0	8.188997821350762	 368.6849410533905 
1000	1836	3	72	153617.0	8.124727668845315	 1700.3235857486725 
1000	1836	3	153	155311.0	8.15958605664488	 2823.615784406662 
1000	1836	3	44	154047.0	8.117102396514161	 3760.868907928467 
1000	1836	3	73	152989.0	8.111655773420479	 4005.616737127304 
1000	1836	3	55	154075.0	8.126906318082789	 989.9081702232361 
1000	1836	3	148	153971.0	8.131263616557733	 3992.929919719696 
1000	1836	3	5	152880.0	8.098039215686274	 1438.9602353572845 
1000	1836	3	187	152568.0	8.098039215686274	 1018.1580228805542 
1000	1836	3	184	153786.0	8.117647058823529	 3999.748265981674 
1000	1836	3	124	157246.0	8.209150326797385	 829.7920835018158 
1000	1836	3	154	154801.0	8.139978213507625	 3138.1391971111298 
1000	1836	3	80	151850.0	8.080610021786493	 3993.2547602653503 
1000	1836	3	85	154979.0	8.148692810457517	 4020.017105579376 
1000	1836	3	95	150871.0	8.041938997821351	 4005.1020193099976 
1000	1836	3	43	155925.0	8.170479302832245	 3195.083699941635 
1000	1836	3	121	155800.0	8.164488017429194	 4002.8401420116425 
1000	1836	3	24	154329.0	8.13562091503268	 3977.049564599991 
1000	1836	3	109	154421.0	8.130174291938998	 3994.2060973644257 
1000	1836	3	136	154939.0	8.143246187363834	 1198.2363774776459 
1000	1836	3	167	154425.0	8.13562091503268	 4011.799906015396 
1000	1836	3	32	153424.0	8.112200435729848	 3976.5590472221375 
1000	1836	3	116	152674.0	8.091503267973856	 4005.9956481456757 
1000	1836	3	91	155495.0	8.166122004357298	 1773.567241191864 
1000	1836	3	182	154059.0	8.132352941176471	 997.5513868331909 
1000	1836	3	66	152706.0	8.099128540305012	 4079.7525930404663 
1000	1836	3	179	159365.0	8.2619825708061	 3988.545473575592 
1000	1836	3	81	154072.0	8.142701525054466	 3989.6446857452393 
1000	1836	3	158	152869.0	8.094226579520697	 4020.4469516277313 
1000	1836	3	51	156407.0	8.175925925925926	 3669.001267671585 
1000	1836	3	50	152309.0	8.092047930283224	 4017.033950328827 
1000	1836	3	112	151694.0	8.072984749455337	 4008.476649284363 
1000	1836	3	150	154389.0	8.13888888888889	 2106.2279608249664 
1000	1836	3	123	153425.0	8.112745098039216	 4011.7109355926514 
1000	1836	3	7	152043.0	8.076797385620916	 4013.8234717845917 
1000	1836	3	137	156341.0	8.192265795206971	 4000.957131385803 
1000	1836	3	34	156328.0	8.191721132897603	 3987.0169887542725 
1000	1836	3	10	156004.0	8.173202614379084	 2734.2356481552124 
1000	1836	3	11	154739.0	8.145424836601308	 3983.3583240509033 
1000	1836	3	195	152861.0	8.08115468409586	 1717.020784854889 
1000	1836	3	86	152559.0	8.092047930283224	 1416.132751941681 
1000	1836	3	122	155091.0	8.154139433551197	 3005.554711818695 
1000	1836	3	134	151650.0	8.068627450980392	 4011.199759244919 
1000	1836	3	196	154874.0	8.130718954248366	 3980.225337266922 
1000	1836	3	147	155989.0	8.179193899782135	 4002.1634216308594 
1000	1836	3	141	151638.0	8.0599128540305	 4029.9278185367584 
1000	1836	3	162	153759.0	8.09640522875817	 4022.12650346756 
1000	1836	3	29	151519.0	8.04847494553377	 3989.510528564453 
1000	1836	3	61	154611.0	8.15631808278867	 4010.088397502899 
1000	1836	3	106	156143.0	8.187908496732026	 4080.5440657138824 
1000	1836	3	163	153477.0	8.104030501089325	 1834.8557980060577 
1000	1836	3	28	156061.0	8.1900871459695	 2458.2294340133667 
1000	1836	3	74	154693.0	8.149782135076252	 3990.3287189006805 
1000	1836	3	114	153797.0	8.109477124183007	 3998.6840620040894 
1000	1836	3	94	154378.0	8.12636165577342	 4007.409859418869 
1000	1836	3	97	154465.0	8.132352941176471	 4143.08833026886 
1000	1836	3	77	153150.0	8.112200435729848	 3996.5789597034454 
1000	1836	3	60	156307.0	8.178104575163399	 4014.6386976242065 
1000	1836	3	46	153359.0	8.111655773420479	 3996.0594503879547 
1000	1836	3	42	154658.0	8.140522875816993	 3996.499852657318 
1000	1836	3	155	153364.0	8.106753812636166	 4009.981044769287 
1000	1836	3	165	152382.0	8.079520697167755	 4129.12478017807 
1000	1836	3	166	151361.0	8.058278867102397	 4149.820174455643 
1000	1836	3	70	156702.0	8.19281045751634	 4068.8997769355774 
1000	1836	3	117	155987.0	8.173747276688454	 4017.734043121338 
1000	1836	3	69	154291.0	8.131263616557733	 4068.621891260147 
1000	1836	3	39	153882.0	8.122004357298476	 4006.6100885868073 
1000	1836	3	64	151018.0	8.053376906318082	 1183.6907300949097 
1000	1836	3	135	153078.0	8.107843137254902	 2241.9407222270966 
1000	1836	3	17	153974.0	8.131808278867103	 4004.033579826355 
1000	1836	3	104	155924.0	8.178649237472767	 1435.5602548122406 
1000	1836	3	23	150285.0	8.019063180827887	 4006.307780981064 
1000	1836	3	98	151514.0	8.066448801742919	 1589.862403869629 
1000	1836	3	120	155573.0	8.168300653594772	 3170.777243614197 
1000	1836	3	145	153043.0	8.104030501089325	 4019.1748077869415 
1000	1836	3	103	155862.0	8.174291938997822	 4254.497654438019 
1000	1836	3	1	152212.0	8.076252723311546	 4031.2276985645294 
1000	1836	3	194	153165.0	8.110566448801743	 4001.540308713913 
1000	1836	3	105	155150.0	8.156862745098039	 4111.650320529938 
1000	1836	3	75	152421.0	8.089869281045752	 3999.0931119918823 
1000	1836	3	115	155718.0	8.174291938997822	 3138.462825536728 
1000	1836	3	4	153861.0	8.124727668845315	 4001.301933288574 
1000	1836	3	87	154291.0	8.134531590413943	 4089.697811126709 
1000	1836	3	3	156327.0	8.177015250544663	 4008.585307121277 
1000	1836	3	156	155616.0	8.16557734204793	 4002.245705604553 
1000	1836	3	188	152474.0	8.080610021786493	 2176.4446306228638 
1000	1836	3	164	152127.0	8.075708061002178	 4161.088138580322 
1000	1836	3	83	155191.0	8.146514161220043	 4068.2638309001923 
1000	1836	3	189	153582.0	8.117647058823529	 4004.5562658309937 
1000	1836	3	143	151756.0	8.072984749455337	 4004.0714168548584 
1000	1836	3	190	156530.0	8.18409586056645	 4011.1941652297974 
1000	1836	3	139	156739.0	8.18681917211329	 3551.878082513809 
1000	1836	3	185	153693.0	8.116013071895425	 4019.4359657764435 
1000	1836	3	176	153404.0	8.10566448801743	 4001.696026802063 
1000	1836	3	119	153520.0	8.118736383442267	 2874.6587307453156 
1000	1836	3	63	153438.0	8.124183006535947	 4285.19007730484 
1000	1836	3	177	153716.0	8.110021786492375	 3998.5915393829346 
1000	1836	3	9	157483.0	8.211873638344226	 4026.4335136413574 
1000	1836	3	125	153739.0	8.127995642701524	 3900.993666410446 
1000	1836	3	118	155821.0	8.17156862745098	 4034.2034435272217 
1000	1836	3	171	155491.0	8.168300653594772	 4009.779393672943 
1000	1836	3	173	156395.0	8.1900871459695	 4008.639497756958 
1000	1836	3	152	151564.0	8.058823529411764	 4020.1165359020233 
1000	1836	3	140	152806.0	8.088235294117647	 4011.8908746242523 
1000	1836	3	197	151976.0	8.074074074074074	 4039.325968027115 
1000	1836	3	58	151774.0	8.066448801742919	 4002.784856081009 
1000	1836	3	180	156176.0	8.19281045751634	 3997.6639533042908 
1000	1836	3	192	153915.0	8.12363834422658	 4001.775020122528 
1000	1836	3	157	153847.0	8.121459694989106	 4000.0899815559387 
1000	1836	3	31	154233.0	8.142156862745098	 1678.2616205215454 
1000	1836	3	47	153327.0	8.110566448801743	 4065.2033491134644 
1000	1836	3	59	151949.0	8.070261437908497	 3287.7192001342773 
1000	1836	3	30	156026.0	8.181917211328976	 3181.127615213394 
1000	1836	3	38	154502.0	8.143790849673202	 4008.383052587509 
1000	1836	3	138	152461.0	8.077886710239651	 4013.9605140686035 
1000	1836	3	99	155370.0	8.166666666666666	 4163.418242692947 
1000	1836	3	146	151119.0	8.040849673202615	 4019.645267009735 
1000	1836	3	159	152316.0	8.084967320261438	 4004.8526544570923 
1000	1836	3	18	154415.0	8.13888888888889	 3293.431979894638 
1000	1836	3	12	159018.0	8.250544662309368	 3998.2220680713654 
1000	1836	3	101	153518.0	8.118736383442267	 3998.6230840682983 
1000	1836	3	14	151869.0	8.076797385620916	 3990.851460456848 
1000	1836	3	78	151489.0	8.062636165577342	 3966.1652975082397 
