200	12	-1	72	7.860604624082625	42.0	3.3333333333333335
200	12	-1	78	7.871326786890627	41.0	3.4166666666666665
200	12	-1	19	6.680818055268855	32.0	2.6666666666666665
200	12	-1	13	7.458383992007496	39.0	3.25
200	12	-1	76	7.938231141844361	38.0	3.1666666666666665
200	12	-1	20	7.7601186448005945	41.0	3.4166666666666665
200	12	-1	73	8.192265991867309	38.0	3.1666666666666665
200	12	-1	80	8.317362007304112	40.0	3.3333333333333335
200	12	-1	79	8.591681845304796	45.0	3.5833333333333335
200	12	-1	10	7.752862012138957	43.0	3.5833333333333335
200	12	-1	24	7.9594593151153115	44.0	3.5
200	12	-1	75	7.528114641626369	35.0	2.9166666666666665
200	12	-1	61	7.582805395599074	39.0	3.25
200	12	-1	74	8.17455703095081	42.0	3.5
200	12	-1	21	7.7782941056349255	40.0	3.3333333333333335
200	12	-1	2	8.935859137907794	42.0	3.5
200	12	-1	25	9.080113560152109	43.0	3.5833333333333335
200	12	-1	6	7.892778285998281	38.0	3.0
200	12	-1	7	8.083982355465857	38.0	3.1666666666666665
200	12	-1	12	7.779974732535852	39.0	3.25
200	12	-1	23	8.014565871049342	38.0	3.1666666666666665
200	12	-1	77	8.687624663913066	41.0	3.25
200	12	-1	64	7.1184180960525545	37.0	3.0833333333333335
200	12	-1	5	7.343310864717155	37.0	3.0833333333333335
200	12	-1	22	7.270076482813249	39.0	3.25
200	12	-1	3	7.701675383288193	38.0	3.1666666666666665
200	12	-1	62	7.667140468496864	38.0	3.1666666666666665
200	12	-1	0	8.175605500171422	37.0	2.9166666666666665
200	12	-1	4	8.390930097680238	42.0	3.5
200	12	-1	56	7.209015305062711	35.0	2.9166666666666665
200	12	-1	67	7.357804006325878	37.0	3.0833333333333335
200	12	-1	65	7.083035098871555	38.0	3.1666666666666665
200	12	-1	66	8.217682944527036	46.0	3.6666666666666665
200	12	-1	60	7.888979864647126	35.0	2.9166666666666665
200	12	-1	1	7.540995138060872	41.0	3.4166666666666665
200	12	-1	63	8.137702362326317	35.0	2.9166666666666665
200	12	-1	59	7.564128058579627	37.0	3.0833333333333335
200	12	-1	58	7.8437634074740785	36.0	3.0
200	12	-1	98	7.722318175522638	39.0	3.25
200	12	-1	55	8.355014723266281	40.0	3.3333333333333335
200	12	-1	11	8.403725866782562	36.0	3.0
200	12	-1	112	7.6454760802745465	38.0	3.1666666666666665
200	12	-1	108	8.252685900136047	37.0	3.0833333333333335
200	12	-1	9	7.467725991379501	40.0	3.3333333333333335
200	12	-1	8	7.146893133404866	36.0	3.0
200	12	-1	109	7.750377901842002	38.0	3.1666666666666665
200	12	-1	104	7.604150923509561	37.0	2.9166666666666665
200	12	-1	110	8.53408473036475	44.0	3.6666666666666665
200	12	-1	105	7.736627657561937	41.0	3.4166666666666665
200	12	-1	107	8.31750671093932	35.0	2.9166666666666665
200	12	-1	103	7.977460572538199	46.0	3.6666666666666665
200	12	-1	102	7.584802045390644	37.0	3.0833333333333335
200	12	-1	15	7.817941935662593	37.0	3.0833333333333335
200	12	-1	96	7.7862554457294815	39.0	3.25
200	12	-1	111	8.101618460781236	38.0	3.1666666666666665
200	12	-1	106	7.551919254989998	35.0	2.9166666666666665
200	12	-1	17	7.161351409842162	37.0	3.0833333333333335
200	12	-1	31	7.792017085558409	43.0	3.5833333333333335
200	12	-1	197	8.122310286149963	40.0	3.3333333333333335
200	12	-1	99	8.050960932546056	43.0	3.5833333333333335
200	12	-1	101	8.114802875083088	39.0	3.25
200	12	-1	14	8.86719809357526	41.0	3.25
200	12	-1	16	7.090651809978212	36.0	3.0
200	12	-1	50	7.847849607384269	43.0	3.5833333333333335
200	12	-1	97	8.706266834545628	40.0	3.0
200	12	-1	69	7.792515018011568	36.0	3.0
200	12	-1	95	8.190899603744386	41.0	3.4166666666666665
200	12	-1	70	9.068913943850061	40.0	3.1666666666666665
200	12	-1	100	8.153031015520884	39.0	3.25
200	12	-1	71	7.040835244537149	32.0	2.6666666666666665
200	12	-1	18	7.986116235045277	41.0	3.4166666666666665
200	12	-1	199	8.39241616776469	44.0	3.5
200	12	-1	53	8.713100768731808	38.0	3.1666666666666665
200	12	-1	195	8.210438999800527	41.0	3.4166666666666665
200	12	-1	49	7.37752753442896	40.0	3.3333333333333335
200	12	-1	68	7.640771279088436	41.0	3.25
200	12	-1	198	8.09229775924067	45.0	3.75
200	12	-1	32	7.333026511310759	40.0	3.3333333333333335
200	12	-1	51	7.058341286401873	35.0	2.9166666666666665
200	12	-1	48	8.469323958373494	41.0	3.4166666666666665
200	12	-1	52	8.618345233198044	37.0	3.0833333333333335
200	12	-1	54	7.396760520933305	35.0	2.9166666666666665
200	12	-1	57	7.4445481710929755	37.0	2.9166666666666665
200	12	-1	157	8.017359353841066	41.0	3.4166666666666665
200	12	-1	161	8.055351875323597	40.0	3.3333333333333335
200	12	-1	151	7.282804204497936	33.0	2.75
200	12	-1	93	9.17185463236078	47.0	3.9166666666666665
200	12	-1	150	8.603022487298597	39.0	3.25
200	12	-1	160	8.110684321133332	38.0	3.1666666666666665
200	12	-1	115	8.02443542518028	38.0	3.1666666666666665
200	12	-1	145	8.435931237579625	47.0	3.9166666666666665
200	12	-1	147	8.61290522538166	41.0	3.4166666666666665
200	12	-1	94	7.95712377422615	41.0	3.4166666666666665
200	12	-1	28	7.744456939735296	37.0	3.0833333333333335
200	12	-1	159	8.382787290859275	40.0	3.1666666666666665
200	12	-1	39	6.820526008637043	32.0	2.6666666666666665
200	12	-1	152	8.973599643518448	46.0	3.5
200	12	-1	191	9.247313648408888	44.0	3.5
200	12	-1	190	7.890878572406696	37.0	3.0833333333333335
200	12	-1	196	8.502295576878703	38.0	3.1666666666666665
200	12	-1	153	7.255521746567036	35.0	2.75
200	12	-1	156	8.329062453155524	45.0	3.5833333333333335
200	12	-1	181	7.565481981461811	40.0	3.3333333333333335
200	12	-1	149	8.19740021449067	40.0	3.3333333333333335
200	12	-1	154	7.448224477397403	41.0	3.25
200	12	-1	143	7.529703692276055	33.0	2.75
200	12	-1	158	7.807009065142744	43.0	3.5833333333333335
200	12	-1	192	7.80781091982709	43.0	3.5833333333333335
200	12	-1	148	7.183684906679494	36.0	3.0
200	12	-1	183	8.49230363698028	36.0	3.0
200	12	-1	114	7.7933083154865574	41.0	3.4166666666666665
200	12	-1	29	7.537921027076832	42.0	3.5
200	12	-1	117	8.041675844691028	36.0	3.0
200	12	-1	137	8.896241506819791	38.0	3.1666666666666665
200	12	-1	189	8.339942759133939	41.0	3.4166666666666665
200	12	-1	26	8.284470599879953	40.0	3.3333333333333335
200	12	-1	141	8.663707804420044	38.0	3.1666666666666665
200	12	-1	184	8.012570942289717	39.0	3.25
200	12	-1	40	8.619177970287037	37.0	3.0833333333333335
200	12	-1	193	8.68153742353585	45.0	3.75
200	12	-1	155	8.067107116367865	39.0	2.9166666666666665
200	12	-1	182	8.81191777093332	46.0	3.5
200	12	-1	144	7.513862137617844	37.0	3.0833333333333335
200	12	-1	34	8.324813417045451	38.0	3.1666666666666665
200	12	-1	188	8.247082105967191	40.0	3.3333333333333335
200	12	-1	41	7.673927004262898	40.0	3.3333333333333335
200	12	-1	30	8.279669954445422	45.0	3.4166666666666665
200	12	-1	45	7.9173533362761574	37.0	3.0833333333333335
200	12	-1	88	9.455490637528221	42.0	3.3333333333333335
200	12	-1	120	7.419085296033247	38.0	3.1666666666666665
200	12	-1	44	7.524085120617087	39.0	3.25
200	12	-1	119	8.084015610997916	44.0	3.6666666666666665
200	12	-1	33	7.976997603707172	44.0	3.6666666666666665
200	12	-1	129	7.171479785856818	37.0	3.0833333333333335
200	12	-1	142	8.392194598235077	41.0	3.4166666666666665
200	12	-1	89	8.046627254015357	37.0	3.0833333333333335
200	12	-1	27	8.418716880404121	41.0	3.4166666666666665
200	12	-1	146	7.937103895201787	39.0	3.25
200	12	-1	116	7.663583282541863	39.0	3.25
200	12	-1	46	8.830856325719896	44.0	3.5
200	12	-1	126	8.949928468571944	39.0	3.25
200	12	-1	43	8.212646556266266	43.0	3.5833333333333335
200	12	-1	136	7.120981630841065	39.0	3.25
200	12	-1	132	8.380222757622427	44.0	3.6666666666666665
200	12	-1	135	7.977015990538112	40.0	3.3333333333333335
200	12	-1	47	8.649514083317685	43.0	3.5833333333333335
200	12	-1	128	7.520434231351352	39.0	3.25
200	12	-1	35	8.179759581805987	41.0	3.4166666666666665
200	12	-1	131	8.72685923113826	41.0	3.25
200	12	-1	134	7.9988773589135205	42.0	3.5
200	12	-1	122	8.187190246086987	38.0	3.1666666666666665
200	12	-1	36	8.28274867124776	38.0	3.1666666666666665
200	12	-1	127	7.282623906248193	38.0	3.1666666666666665
200	12	-1	123	9.74260318709274	43.0	3.5833333333333335
200	12	-1	118	7.703152748379887	34.0	2.8333333333333335
200	12	-1	138	7.874301995250139	42.0	3.5
200	12	-1	37	8.138101827566643	40.0	3.3333333333333335
200	12	-1	92	8.345576539703423	46.0	3.8333333333333335
200	12	-1	121	7.481250167805182	39.0	3.25
200	12	-1	124	7.858955707412997	33.0	2.75
200	12	-1	140	7.617768276444096	37.0	3.0833333333333335
200	12	-1	86	8.233296528980588	40.0	3.3333333333333335
200	12	-1	113	8.05182440205654	44.0	3.6666666666666665
200	12	-1	42	7.377037534207818	34.0	2.8333333333333335
200	12	-1	139	7.84340083826691	33.0	2.75
200	12	-1	125	7.464464462204648	39.0	3.25
200	12	-1	85	7.948016061482161	40.0	3.3333333333333335
200	12	-1	87	7.694395148630504	35.0	2.9166666666666665
200	12	-1	83	8.06854776552802	40.0	3.3333333333333335
200	12	-1	130	8.364604351907163	38.0	3.1666666666666665
200	12	-1	91	7.846114250114164	39.0	3.0833333333333335
200	12	-1	90	7.57739267138349	32.0	2.6666666666666665
200	12	-1	84	7.730390998593378	40.0	3.1666666666666665
200	12	-1	38	7.4203730586447785	40.0	3.3333333333333335
200	12	-1	133	7.977438839719131	35.0	2.9166666666666665
200	12	-1	82	7.739578949806159	38.0	3.1666666666666665
200	12	-1	194	8.292056202447498	40.0	3.3333333333333335
200	12	-1	176	7.880255261900495	31.0	2.5833333333333335
200	12	-1	186	7.81808843899237	39.0	3.25
200	12	-1	187	8.072265569951274	42.0	3.5
200	12	-1	180	7.867706785689228	39.0	3.25
200	12	-1	173	7.999686332872914	39.0	3.25
200	12	-1	170	8.144408932384831	36.0	3.0
200	12	-1	172	8.536682257844692	40.0	3.3333333333333335
200	12	-1	165	6.7712509143875605	32.0	2.6666666666666665
200	12	-1	174	7.779808933321504	38.0	3.1666666666666665
200	12	-1	168	7.26331084014163	36.0	3.0
200	12	-1	167	6.922376799646482	35.0	2.9166666666666665
200	12	-1	171	7.621894398532153	37.0	3.0833333333333335
200	12	-1	166	7.542001672334383	34.0	2.8333333333333335
200	12	-1	164	7.001749959334958	34.0	2.8333333333333335
200	12	-1	185	8.00541553787139	44.0	3.5
200	12	-1	175	8.111179617401733	39.0	3.25
200	12	-1	81	6.789018831921989	33.0	2.75
200	12	-1	162	7.880067736613641	38.0	3.0
200	12	-1	169	8.166335567116855	38.0	3.1666666666666665
200	12	-1	178	8.165467458178776	38.0	3.1666666666666665
200	12	-1	163	7.724025129730283	39.0	3.25
200	12	-1	179	7.709910419653222	41.0	3.4166666666666665
200	12	-1	177	8.405582046128291	41.0	3.4166666666666665
