200	958	-1	110	16337.0	3.209812108559499
200	958	-1	199	15924.0	3.173277661795407
200	958	-1	4	16786.0	3.2526096033402925
200	958	-1	159	16326.0	3.2171189979123174
200	958	-1	20	16340.0	3.210855949895616
200	958	-1	112	16232.0	3.2025052192066807
200	958	-1	73	16056.0	3.1816283924843423
200	958	-1	21	16138.0	3.1878914405010437
200	958	-1	7	16368.0	3.2129436325678498
200	958	-1	131	16060.0	3.18580375782881
200	958	-1	79	16455.0	3.2265135699373695
200	958	-1	72	15819.0	3.1659707724425887
200	958	-1	6	16161.0	3.1951983298538624
200	958	-1	137	16073.0	3.1868475991649268
200	958	-1	193	16369.0	3.2139874739039667
200	958	-1	87	16305.0	3.2056367432150314
200	958	-1	22	15858.0	3.162839248434238
200	958	-1	108	15703.0	3.153444676409186
200	958	-1	153	16161.0	3.193110647181628
200	958	-1	128	15974.0	3.183716075156576
200	958	-1	91	16179.0	3.19937369519833
200	958	-1	67	16329.0	3.209812108559499
200	958	-1	92	16230.0	3.2025052192066807
200	958	-1	122	15893.0	3.1701461377870563
200	958	-1	86	16381.0	3.222338204592902
200	958	-1	156	16446.0	3.2275574112734864
200	958	-1	65	15793.0	3.1555323590814197
200	958	-1	102	16450.0	3.223382045929019
200	958	-1	127	16135.0	3.1910229645093944
200	958	-1	89	16068.0	3.1878914405010437
200	958	-1	138	16465.0	3.2286012526096033
200	958	-1	104	16332.0	3.2045929018789145
200	958	-1	197	15903.0	3.161795407098121
200	958	-1	90	16204.0	3.200417536534447
200	958	-1	1	16174.0	3.1962421711899793
200	958	-1	61	16509.0	3.232776617954071
200	958	-1	135	15821.0	3.1576200417536535
200	958	-1	106	16119.0	3.1889352818371606
200	958	-1	5	16160.0	3.198329853862213
200	958	-1	147	16302.0	3.208768267223382
200	958	-1	80	16260.0	3.2045929018789145
200	958	-1	198	16451.0	3.230688935281837
200	958	-1	172	16070.0	3.1816283924843423
200	958	-1	195	16212.0	3.198329853862213
200	958	-1	23	16609.0	3.241127348643006
200	958	-1	111	16465.0	3.230688935281837
200	958	-1	107	16174.0	3.198329853862213
200	958	-1	77	16028.0	3.183716075156576
200	958	-1	155	16081.0	3.1805845511482254
200	958	-1	164	16102.0	3.1920668058455113
200	958	-1	134	16421.0	3.220250521920668
200	958	-1	66	15957.0	3.17223382045929
200	958	-1	78	16233.0	3.19937369519833
200	958	-1	184	16163.0	3.193110647181628
200	958	-1	157	16693.0	3.241127348643006
200	958	-1	55	16490.0	3.233820459290188
200	958	-1	171	16191.0	3.1951983298538624
200	958	-1	165	16454.0	3.22964509394572
200	958	-1	174	16258.0	3.2066805845511483
200	958	-1	105	16200.0	3.1962421711899793
200	958	-1	24	16074.0	3.1878914405010437
200	958	-1	175	16582.0	3.242171189979123
200	958	-1	194	16178.0	3.198329853862213
200	958	-1	64	16283.0	3.201461377870564
200	958	-1	158	16193.0	3.2035490605427976
200	958	-1	62	15775.0	3.1576200417536535
200	958	-1	132	15983.0	3.174321503131524
200	958	-1	136	16191.0	3.2035490605427976
200	958	-1	53	16171.0	3.1972860125260962
200	958	-1	190	15970.0	3.1774530271398747
200	958	-1	19	16385.0	3.2139874739039667
200	958	-1	63	16426.0	3.223382045929019
200	958	-1	3	15702.0	3.150313152400835
200	958	-1	42	16185.0	3.1972860125260962
200	958	-1	39	16055.0	3.1889352818371606
200	958	-1	56	16204.0	3.2025052192066807
200	958	-1	60	16080.0	3.1899791231732775
200	958	-1	84	15621.0	3.1450939457202507
200	958	-1	163	16149.0	3.1972860125260962
200	958	-1	13	15777.0	3.153444676409186
200	958	-1	151	16050.0	3.1816283924843423
200	958	-1	54	16169.0	3.1972860125260962
200	958	-1	41	16565.0	3.2369519832985385
200	958	-1	133	16164.0	3.1920668058455113
200	958	-1	160	16650.0	3.2484342379958244
200	958	-1	103	16181.0	3.1972860125260962
200	958	-1	40	16494.0	3.2275574112734864
200	958	-1	52	15942.0	3.1670146137787056
200	958	-1	43	16548.0	3.2463465553235906
200	958	-1	169	16620.0	3.242171189979123
200	958	-1	18	16212.0	3.2045929018789145
200	958	-1	176	16497.0	3.2244258872651357
200	958	-1	162	16094.0	3.183716075156576
200	958	-1	148	16397.0	3.220250521920668
200	958	-1	139	16611.0	3.241127348643006
200	958	-1	188	16163.0	3.1910229645093944
200	958	-1	150	16446.0	3.219206680584551
200	958	-1	12	16247.0	3.2077244258872653
200	958	-1	189	16499.0	3.2286012526096033
200	958	-1	49	16243.0	3.2056367432150314
200	958	-1	154	16577.0	3.230688935281837
200	958	-1	99	15985.0	3.1784968684759916
200	958	-1	74	16239.0	3.2035490605427976
200	958	-1	125	16339.0	3.2160751565762005
200	958	-1	0	15824.0	3.164926931106472
200	958	-1	109	16286.0	3.2129436325678498
200	958	-1	161	16174.0	3.2066805845511483
200	958	-1	130	16487.0	3.222338204592902
200	958	-1	152	16080.0	3.1878914405010437
200	958	-1	191	16050.0	3.18580375782881
200	958	-1	149	16174.0	3.194154488517745
200	958	-1	196	16366.0	3.2171189979123174
200	958	-1	81	16454.0	3.22964509394572
200	958	-1	83	15864.0	3.162839248434238
200	958	-1	123	16370.0	3.2171189979123174
200	958	-1	124	16357.0	3.222338204592902
200	958	-1	116	16080.0	3.1920668058455113
200	958	-1	115	16171.0	3.1951983298538624
200	958	-1	93	16391.0	3.2139874739039667
200	958	-1	121	16012.0	3.1774530271398747
200	958	-1	98	16161.0	3.1951983298538624
200	958	-1	95	16595.0	3.241127348643006
200	958	-1	170	16051.0	3.1784968684759916
200	958	-1	96	16369.0	3.2139874739039667
200	958	-1	166	16389.0	3.2181628392484343
200	958	-1	88	16382.0	3.2171189979123174
200	958	-1	37	15867.0	3.1659707724425887
200	958	-1	129	16412.0	3.2254697286012526
200	958	-1	167	16266.0	3.2045929018789145
200	958	-1	192	16039.0	3.1784968684759916
200	958	-1	114	16096.0	3.18580375782881
200	958	-1	16	16596.0	3.240083507306889
200	958	-1	28	15944.0	3.1774530271398747
200	958	-1	101	16467.0	3.2265135699373695
200	958	-1	113	16078.0	3.18580375782881
200	958	-1	27	16633.0	3.241127348643006
200	958	-1	58	16063.0	3.184759916492693
200	958	-1	50	16649.0	3.2515657620041756
200	958	-1	168	15883.0	3.1701461377870563
200	958	-1	120	16035.0	3.182672233820459
200	958	-1	31	16259.0	3.2077244258872653
200	958	-1	75	16242.0	3.200417536534447
200	958	-1	25	16653.0	3.241127348643006
200	958	-1	144	16444.0	3.223382045929019
200	958	-1	117	16098.0	3.1962421711899793
200	958	-1	2	16628.0	3.244258872651357
200	958	-1	59	16474.0	3.22964509394572
200	958	-1	11	15868.0	3.1670146137787056
200	958	-1	119	15814.0	3.152400835073069
200	958	-1	94	16624.0	3.242171189979123
200	958	-1	8	15987.0	3.1784968684759916
200	958	-1	142	16449.0	3.220250521920668
200	958	-1	100	15947.0	3.1764091858037578
200	958	-1	35	16459.0	3.2244258872651357
200	958	-1	141	16290.0	3.208768267223382
200	958	-1	82	16715.0	3.2515657620041756
200	958	-1	26	16402.0	3.221294363256785
200	958	-1	69	16164.0	3.1920668058455113
200	958	-1	143	16206.0	3.2025052192066807
200	958	-1	33	16092.0	3.18580375782881
200	958	-1	51	16408.0	3.223382045929019
200	958	-1	17	16668.0	3.240083507306889
200	958	-1	57	16297.0	3.201461377870564
200	958	-1	118	16193.0	3.2035490605427976
200	958	-1	10	16315.0	3.209812108559499
200	958	-1	14	16121.0	3.1889352818371606
200	958	-1	34	16011.0	3.1784968684759916
200	958	-1	126	16039.0	3.182672233820459
200	958	-1	70	16168.0	3.1962421711899793
200	958	-1	71	16001.0	3.1764091858037578
200	958	-1	30	16422.0	3.219206680584551
200	958	-1	173	16434.0	3.223382045929019
200	958	-1	145	16269.0	3.2056367432150314
200	958	-1	97	16446.0	3.2254697286012526
200	958	-1	29	16430.0	3.2150313152400836
200	958	-1	140	16232.0	3.198329853862213
200	958	-1	47	16082.0	3.1920668058455113
200	958	-1	186	16114.0	3.194154488517745
200	958	-1	146	16225.0	3.201461377870564
200	958	-1	32	15941.0	3.1784968684759916
200	958	-1	187	16420.0	3.223382045929019
200	958	-1	38	16054.0	3.1816283924843423
200	958	-1	76	15937.0	3.17223382045929
200	958	-1	179	16252.0	3.2066805845511483
200	958	-1	36	16303.0	3.2160751565762005
200	958	-1	15	16404.0	3.219206680584551
200	958	-1	182	16432.0	3.221294363256785
200	958	-1	48	16124.0	3.1962421711899793
200	958	-1	181	16089.0	3.1889352818371606
200	958	-1	44	16612.0	3.2359081419624216
200	958	-1	68	16606.0	3.2379958246346554
200	958	-1	9	16090.0	3.1878914405010437
200	958	-1	178	16252.0	3.2025052192066807
200	958	-1	45	16387.0	3.2160751565762005
200	958	-1	177	15892.0	3.1691022964509394
200	958	-1	180	15738.0	3.152400835073069
200	958	-1	185	16486.0	3.22964509394572
200	958	-1	46	16395.0	3.209812108559499
200	958	-1	183	16279.0	3.19937369519833
200	958	-1	85	16503.0	3.2244258872651357
