1000	888	-1	34	2870.9791047739554	2870.9791047739554	9.247747747747749
1000	888	-1	22	2895.6130317396046	2895.6130317396046	9.039414414414415
1000	888	-1	12	2915.726788572957	2915.726788572957	9.070945945945946
1000	888	-1	89	2852.9655740192543	2852.9655740192543	9.106981981981981
1000	888	-1	47	2910.989086242292	2910.989086242292	9.033783783783784
1000	888	-1	49	2927.96476051124	2927.96476051124	8.961711711711711
1000	888	-1	81	2845.3569787730175	2845.3569787730175	9.24099099099099
1000	888	-1	45	2906.0228507963448	2906.0228507963448	8.815315315315315
1000	888	-1	50	2950.028136099426	2950.028136099426	8.808558558558559
1000	888	-1	29	2884.31525117559	2884.31525117559	8.947072072072071
1000	888	-1	84	2853.9106985870135	2853.9106985870135	9.841216216216216
1000	888	-1	80	2854.04150430931	2854.04150430931	9.641891891891891
1000	888	-1	36	2908.8223568456997	2908.8223568456997	8.91554054054054
1000	888	-1	83	2905.8480933003934	2905.8480933003934	9.252252252252251
1000	888	-1	44	2866.273191115405	2866.273191115405	9.458333333333334
1000	888	-1	53	2902.1357295862244	2902.1357295862244	8.913288288288289
1000	888	-1	58	2907.2654671054033	2907.2654671054033	9.230855855855856
1000	888	-1	37	2864.9608843800393	2864.9608843800393	9.25
1000	888	-1	35	2898.4989856908674	2898.4989856908674	9.045045045045045
1000	888	-1	40	2884.998267980269	2884.998267980269	9.01126126126126
1000	888	-1	41	2873.3335032625064	2873.3335032625064	9.04954954954955
1000	888	-1	57	2840.815410439057	2840.815410439057	9.253378378378379
1000	888	-1	46	2838.301136045295	2838.301136045295	9.822072072072071
1000	888	-1	90	2878.9056142392333	2878.9056142392333	9.212837837837839
1000	888	-1	39	2857.9875039155077	2857.9875039155077	8.968468468468469
1000	888	-1	56	2897.423743202175	2897.423743202175	8.727477477477477
1000	888	-1	38	2864.68914591598	2864.68914591598	9.39527027027027
1000	888	-1	52	2883.789476280261	2883.789476280261	9.269144144144144
1000	888	-1	28	2783.8029537175044	2783.8029537175044	10.936936936936936
1000	888	-1	51	2850.688384809795	2850.688384809795	9.66554054054054
1000	888	-1	43	2733.4483232867506	2733.4483232867506	11.545045045045045
1000	888	-1	9	2851.8413679592477	2851.8413679592477	9.917792792792794
1000	888	-1	30	2836.5420889240568	2836.5420889240568	9.908783783783784
1000	888	-1	8	2796.283866986257	2796.283866986257	10.698198198198199
1000	888	-1	82	2921.517955399247	2921.517955399247	9.16554054054054
1000	888	-1	42	2776.2998489719234	2776.2998489719234	10.64864864864865
1000	888	-1	48	2732.891485180763	2732.891485180763	10.920045045045045
1000	888	-1	54	2823.3387217196255	2823.3387217196255	9.675675675675675
1000	888	-1	55	2907.237636741292	2907.237636741292	9.161036036036036
1000	888	-1	4	2948.300494163871	2948.300494163871	8.717342342342342
1000	888	-1	2	2912.573005951427	2912.573005951427	8.769144144144144
1000	888	-1	3	2893.8843042803487	2893.8843042803487	9.007882882882884
1000	888	-1	68	2941.2139265463506	2941.2139265463506	8.475225225225225
1000	888	-1	76	2937.7885641440957	2937.7885641440957	8.695945945945946
1000	888	-1	75	2864.3527452926587	2864.3527452926587	9.167792792792794
1000	888	-1	71	2864.0079652946592	2864.0079652946592	9.152027027027026
1000	888	-1	117	2916.0572298792536	2916.0572298792536	8.675675675675675
1000	888	-1	73	2893.867735822959	2893.867735822959	8.961711711711711
1000	888	-1	104	2939.847037401159	2939.847037401159	8.77027027027027
1000	888	-1	74	2927.5256163049403	2927.5256163049403	8.710585585585585
1000	888	-1	79	2853.8068479432814	2853.8068479432814	9.332207207207206
1000	888	-1	99	2900.4964672937767	2900.4964672937767	9.06981981981982
1000	888	-1	103	2896.628193701311	2896.628193701311	8.888513513513514
1000	888	-1	111	2901.8959316461937	2901.8959316461937	8.697072072072071
1000	888	-1	77	2774.832479293108	2774.832479293108	10.144144144144144
1000	888	-1	78	2841.6027258574627	2841.6027258574627	9.45945945945946
1000	888	-1	116	2829.204366492553	2829.204366492553	9.69481981981982
1000	888	-1	106	2881.6258059208426	2881.6258059208426	8.954954954954955
1000	888	-1	108	2860.082712303439	2860.082712303439	8.707207207207206
1000	888	-1	113	2944.304458655531	2944.304458655531	8.83108108108108
1000	888	-1	120	2894.9020819752413	2894.9020819752413	8.891891891891891
1000	888	-1	121	2846.7528069026575	2846.7528069026575	9.947072072072071
1000	888	-1	107	2889.6452530804895	2889.6452530804895	9.05518018018018
1000	888	-1	67	2861.37546755337	2861.37546755337	9.23873873873874
1000	888	-1	97	2923.6421230206447	2923.6421230206447	8.675675675675675
1000	888	-1	72	2874.633592248907	2874.633592248907	9.638513513513514
1000	888	-1	0	2816.0582619133515	2816.0582619133515	10.32545045045045
1000	888	-1	62	2927.785267032717	2927.785267032717	8.896396396396396
1000	888	-1	66	2848.9590536048404	2848.9590536048404	9.324324324324325
1000	888	-1	100	2871.016353164541	2871.016353164541	9.5
1000	888	-1	1	2850.6997774935267	2850.6997774935267	9.649774774774775
1000	888	-1	114	2840.818615023224	2840.818615023224	9.792792792792794
1000	888	-1	98	2874.74759688833	2874.74759688833	9.117117117117116
1000	888	-1	61	2860.8503109238004	2860.8503109238004	8.894144144144144
1000	888	-1	105	2852.172206874103	2852.172206874103	9.484234234234235
1000	888	-1	70	2738.1710432247687	2738.1710432247687	11.079954954954955
1000	888	-1	112	2856.0858569453017	2856.0858569453017	9.25
1000	888	-1	60	2825.2978334424074	2825.2978334424074	9.536036036036036
1000	888	-1	109	2826.4576352163967	2826.4576352163967	10.531531531531531
1000	888	-1	102	2760.7789707302686	2760.7789707302686	11.243243243243244
1000	888	-1	69	2794.653688710388	2794.653688710388	10.29391891891892
1000	888	-1	115	2753.7769436071917	2753.7769436071917	11.29617117117117
1000	888	-1	64	2878.6148752620797	2878.6148752620797	9.135135135135135
1000	888	-1	119	2814.015868050692	2814.015868050692	10.442567567567568
1000	888	-1	110	2873.3867303494817	2873.3867303494817	9.565315315315315
1000	888	-1	32	2901.6422474581736	2901.6422474581736	8.79391891891892
1000	888	-1	143	2908.7644969881985	2908.7644969881985	8.893018018018019
1000	888	-1	147	2919.320313215747	2919.320313215747	8.70945945945946
1000	888	-1	118	2807.326782877043	2807.326782877043	10.006756756756756
1000	888	-1	33	2833.5248004302425	2833.5248004302425	9.745495495495495
1000	888	-1	31	2860.175185259746	2860.175185259746	9.268018018018019
1000	888	-1	146	2892.7192589171823	2892.7192589171823	9.29054054054054
1000	888	-1	149	2843.0242002008104	2843.0242002008104	9.298423423423424
1000	888	-1	59	2853.6977430900156	2853.6977430900156	10.143018018018019
1000	888	-1	140	2752.951966438823	2752.951966438823	10.822072072072071
1000	888	-1	139	2880.5574262870155	2880.5574262870155	9.091216216216216
1000	888	-1	63	2851.469208317256	2851.469208317256	9.897522522522523
1000	888	-1	144	2826.466100329661	2826.466100329661	9.780405405405405
1000	888	-1	148	2911.8511836461785	2911.8511836461785	8.995495495495495
1000	888	-1	132	2874.2536239226456	2874.2536239226456	8.836711711711711
1000	888	-1	18	2823.2449223709764	2823.2449223709764	10.105855855855856
1000	888	-1	129	2894.238389272984	2894.238389272984	9.01126126126126
1000	888	-1	10	2879.910224505538	2879.910224505538	8.95945945945946
1000	888	-1	128	2882.6654495845214	2882.6654495845214	9.211711711711711
1000	888	-1	65	2797.5028383409126	2797.5028383409126	10.070945945945946
1000	888	-1	123	2906.0468517043037	2906.0468517043037	9.06981981981982
1000	888	-1	137	2817.7139558267545	2817.7139558267545	9.855855855855856
1000	888	-1	136	2833.9993198898237	2833.9993198898237	9.138513513513514
1000	888	-1	101	2783.1010883418394	2783.1010883418394	10.600225225225225
1000	888	-1	150	2824.2121436856396	2824.2121436856396	9.986486486486486
1000	888	-1	130	2790.7183115985927	2790.7183115985927	10.815315315315315
1000	888	-1	25	2885.1596681179053	2885.1596681179053	9.14864864864865
1000	888	-1	125	2758.916664656942	2758.916664656942	10.434684684684685
1000	888	-1	141	2832.5121763126444	2832.5121763126444	9.92117117117117
1000	888	-1	135	2791.7237244054313	2791.7237244054313	10.673423423423424
1000	888	-1	122	2888.5592592029298	2888.5592592029298	9.218468468468469
1000	888	-1	134	2792.4359324853017	2792.4359324853017	10.31081081081081
1000	888	-1	124	2946.876149207359	2946.876149207359	8.746621621621621
1000	888	-1	27	2878.6013345224446	2878.6013345224446	9.344594594594595
1000	888	-1	127	2921.948532019834	2921.948532019834	8.948198198198199
1000	888	-1	145	2791.710083928454	2791.710083928454	10.22072072072072
1000	888	-1	138	2782.777625936177	2782.777625936177	10.141891891891891
1000	888	-1	26	2912.2470250348433	2912.2470250348433	8.881756756756756
1000	888	-1	133	2826.0438919090157	2826.0438919090157	9.808558558558559
1000	888	-1	131	2815.76775333771	2815.76775333771	9.722972972972974
1000	888	-1	11	2954.9452343254466	2954.9452343254466	8.877252252252251
1000	888	-1	94	2958.002560051129	2958.002560051129	8.672297297297296
1000	888	-1	126	2806.6726218888034	2806.6726218888034	10.566441441441441
1000	888	-1	95	2898.6790151212663	2898.6790151212663	8.835585585585585
1000	888	-1	142	2737.7236054332584	2737.7236054332584	11.54954954954955
1000	888	-1	92	2903.021882258438	2903.021882258438	8.873873873873874
1000	888	-1	93	2794.2406698855175	2794.2406698855175	10.503378378378379
1000	888	-1	91	2867.800927303514	2867.800927303514	9.417792792792794
1000	888	-1	151	2940.754048618674	2940.754048618674	8.806306306306306
1000	888	-1	153	2926.453951672089	2926.453951672089	9.079954954954955
1000	888	-1	16	2851.8672496313548	2851.8672496313548	8.996621621621621
1000	888	-1	15	2934.370412056535	2934.370412056535	8.539414414414415
1000	888	-1	96	2865.1378086725294	2865.1378086725294	9.17454954954955
1000	888	-1	152	2882.4893516417674	2882.4893516417674	9.179054054054054
1000	888	-1	155	2772.4459260592366	2772.4459260592366	10.908783783783784
1000	888	-1	13	2798.38167798829	2798.38167798829	10.86599099099099
1000	888	-1	14	2845.2345326545837	2845.2345326545837	9.335585585585585
1000	888	-1	7	2860.1156046494466	2860.1156046494466	8.929054054054054
1000	888	-1	19	2896.0019934201664	2896.0019934201664	8.97972972972973
1000	888	-1	6	2867.658575986039	2867.658575986039	9.458333333333334
1000	888	-1	154	2826.1568048364597	2826.1568048364597	10.32545045045045
1000	888	-1	5	2879.575519081748	2879.575519081748	9.245495495495495
1000	888	-1	20	2876.9054063864155	2876.9054063864155	9.164414414414415
1000	888	-1	199	2879.60432370373	2879.60432370373	9.037162162162161
1000	888	-1	177	2906.6410645426713	2906.6410645426713	8.853603603603604
1000	888	-1	21	2937.780025908404	2937.780025908404	9.021396396396396
1000	888	-1	195	2879.929492738305	2879.929492738305	8.992117117117116
1000	888	-1	176	2961.17531858526	2961.17531858526	8.697072072072071
1000	888	-1	17	2853.4336023006726	2853.4336023006726	9.399774774774775
1000	888	-1	191	2885.7016862751643	2885.7016862751643	8.88063063063063
1000	888	-1	178	2846.260024857646	2846.260024857646	9.718468468468469
1000	888	-1	188	2933.2195383675876	2933.2195383675876	8.647522522522523
1000	888	-1	194	2929.3573191271657	2929.3573191271657	9.138513513513514
1000	888	-1	172	2905.53557293319	2905.53557293319	8.791666666666666
1000	888	-1	171	2943.947123578214	2943.947123578214	8.656531531531531
1000	888	-1	190	2933.12541264735	2933.12541264735	8.682432432432432
1000	888	-1	180	2929.303528943582	2929.303528943582	8.725225225225225
1000	888	-1	174	2885.2510350106113	2885.2510350106113	8.92117117117117
1000	888	-1	186	2958.011421962042	2958.011421962042	8.82545045045045
1000	888	-1	179	2886.162601032404	2886.162601032404	9.057432432432432
1000	888	-1	198	2809.1054082964606	2809.1054082964606	10.127252252252251
1000	888	-1	181	2893.4486200320616	2893.4486200320616	8.649774774774775
1000	888	-1	170	2889.8067842410987	2889.8067842410987	9.710585585585585
1000	888	-1	173	2862.5230196847356	2862.5230196847356	9.45945945945946
1000	888	-1	189	2693.0146176281655	2693.0146176281655	11.98873873873874
1000	888	-1	182	2854.4340679165357	2854.4340679165357	9.388513513513514
1000	888	-1	183	2747.58537503234	2747.58537503234	11.02027027027027
1000	888	-1	197	2808.7784833229725	2808.7784833229725	10.24436936936937
1000	888	-1	185	2827.0548163388726	2827.0548163388726	10.037162162162161
1000	888	-1	192	2753.074802430126	2753.074802430126	11.719594594594595
1000	888	-1	158	2924.8710300109005	2924.8710300109005	8.85472972972973
1000	888	-1	175	2776.9369032918717	2776.9369032918717	10.61373873873874
1000	888	-1	164	2845.374231165156	2845.374231165156	9.399774774774775
1000	888	-1	167	2933.037287024514	2933.037287024514	9.073198198198199
1000	888	-1	162	2907.420808799213	2907.420808799213	8.969594594594595
1000	888	-1	160	2916.2309702233156	2916.2309702233156	8.6509009009009
1000	888	-1	161	2860.1811198143523	2860.1811198143523	9.10472972972973
1000	888	-1	166	2880.893896356991	2880.893896356991	9.277027027027026
1000	888	-1	193	2704.821216014648	2704.821216014648	12.1509009009009
1000	888	-1	168	2934.9169223107483	2934.9169223107483	8.752252252252251
1000	888	-1	187	2823.659709381904	2823.659709381904	9.70608108108108
1000	888	-1	196	2901.9128351298505	2901.9128351298505	9.225225225225225
1000	888	-1	159	3002.2220141095545	3002.2220141095545	8.68581081081081
1000	888	-1	157	2861.96543878294	2861.96543878294	9.445945945945946
1000	888	-1	184	2788.924822852675	2788.924822852675	10.54617117117117
1000	888	-1	165	2893.2859090991924	2893.2859090991924	9.225225225225225
1000	888	-1	163	2830.1823508588473	2830.1823508588473	9.736486486486486
1000	888	-1	86	2911.629166091552	2911.629166091552	8.63063063063063
1000	888	-1	156	2863.0734215943876	2863.0734215943876	9.20608108108108
1000	888	-1	88	2968.880026443173	2968.880026443173	8.531531531531531
1000	888	-1	169	2880.716118325398	2880.716118325398	9.38626126126126
1000	888	-1	87	2910.7682047302505	2910.7682047302505	8.77027027027027
1000	888	-1	85	2829.338998917303	2829.338998917303	9.762387387387387
1000	888	-1	23	2879.161385802411	2879.161385802411	8.88626126126126
1000	888	-1	24	2931.4778151026358	2931.4778151026358	8.92117117117117
