1000	280	3	71	1304.7401289493798	8.982142857142858	 65.9092469215393 
1000	280	3	116	1312.154980932475	9.989285714285714	 55.67878341674805 
1000	280	3	133	1268.8717406043477	9.971428571428572	 95.75787878036499 
1000	280	3	56	1321.0029970377946	8.846428571428572	 46.07363510131836 
1000	280	3	31	1304.5033985365249	10.007142857142858	 87.62516188621521 
1000	280	3	123	1300.273903211053	9.946428571428571	 87.0877754688263 
1000	280	3	169	1321.1730314298998	9.642857142857142	 66.22228360176086 
1000	280	3	51	1245.1988460317948	11.42142857142857	 66.31870102882385 
1000	280	3	79	1349.9280265677864	9.1	 108.72544002532959 
1000	280	3	82	1324.3105689684157	10.082142857142857	 99.93170046806335 
1000	280	3	23	1309.8326246193053	8.907142857142857	 57.459232807159424 
1000	280	3	138	1300.7446643990263	9.689285714285715	 81.91457033157349 
1000	280	3	146	1349.7700873388428	9.321428571428571	 48.36462450027466 
1000	280	3	163	1325.3840149966456	9.532142857142857	 62.98671007156372 
1000	280	3	197	1333.6997935675233	9.192857142857143	 43.709341526031494 
1000	280	3	76	1324.8973216747652	9.246428571428572	 90.77998995780945 
1000	280	3	117	1316.0678906638286	8.639285714285714	 59.64858818054199 
1000	280	3	141	1278.9280001822694	10.04642857142857	 88.74207997322083 
1000	280	3	168	1318.961294459312	9.717857142857143	 70.18268895149231 
1000	280	3	57	1292.0598046306966	9.585714285714285	 42.239978075027466 
1000	280	3	173	1306.467680995327	9.517857142857142	 88.08007407188416 
1000	280	3	80	1313.8113652352406	9.446428571428571	 211.03152012825012 
1000	280	3	153	1347.8694396351418	9.342857142857143	 163.9473090171814 
1000	280	3	16	1303.1423300669658	10.4	 115.88683748245239 
1000	280	3	149	1271.1771372293879	10.167857142857143	 118.32045459747314 
1000	280	3	98	1326.6489402357329	9.432142857142857	 51.86321806907654 
1000	280	3	161	1333.1243748954814	9.342857142857143	 52.80008625984192 
1000	280	3	60	1306.6058155291237	9.032142857142857	 184.5571484565735 
1000	280	3	83	1355.4556372669838	9.1	 56.69988679885864 
1000	280	3	5	1337.450161483197	9.42142857142857	 150.72949981689453 
1000	280	3	107	1313.5867135826877	9.803571428571429	 155.5588994026184 
1000	280	3	27	1281.1252658656906	10.771428571428572	 182.41744017601013 
1000	280	3	88	1316.8837872873007	8.939285714285715	 62.146146059036255 
1000	280	3	37	1291.2718007085457	10.367857142857142	 111.65858197212219 
1000	280	3	112	1315.3325384345694	9.45357142857143	 199.87712025642395 
1000	280	3	121	1319.3312835690385	10.217857142857143	 187.97105026245117 
1000	280	3	151	1330.0151619403077	9.521428571428572	 55.457634687423706 
1000	280	3	50	1297.4951572157122	9.846428571428572	 81.5310001373291 
1000	280	3	109	1271.5223077887083	10.189285714285715	 112.75857019424438 
1000	280	3	33	1327.0613936504292	9.246428571428572	 56.713845014572144 
1000	280	3	183	1331.2978411561364	9.228571428571428	 99.84654641151428 
1000	280	3	68	1293.2725125234326	10.196428571428571	 106.6036524772644 
1000	280	3	175	1297.8073098117043	9.460714285714285	 35.13115048408508 
1000	280	3	127	1319.9832466304338	9.767857142857142	 213.83276677131653 
1000	280	3	125	1315.6814092780369	9.735714285714286	 231.08619046211243 
1000	280	3	91	1328.2042032233894	9.028571428571428	 261.1694800853729 
1000	280	3	196	1299.2447210149292	10.542857142857143	 97.90414524078369 
1000	280	3	186	1323.5053869467818	9.778571428571428	 83.91797113418579 
1000	280	3	162	1344.4177098147397	9.35	 115.37047147750854 
1000	280	3	64	1318.1439715135054	10.175	 53.71831727027893 
1000	280	3	139	1336.073327501879	9.446428571428571	 192.6979696750641 
1000	280	3	7	1321.864368156535	8.95	 264.9856798648834 
1000	280	3	129	1325.6245445556654	9.17142857142857	 71.76475739479065 
1000	280	3	187	1317.9649889704701	9.764285714285714	 50.98946189880371 
1000	280	3	42	1309.7489935503784	10.028571428571428	 140.15650367736816 
1000	280	3	0	1285.1793459842802	10.435714285714285	 93.94123435020447 
1000	280	3	199	1312.9636825176015	10.185714285714285	 166.99916911125183 
1000	280	3	195	1325.5534573815585	10.1	 65.35260224342346 
1000	280	3	118	1330.8594617738174	9.103571428571428	 75.88509511947632 
1000	280	3	154	1328.3674667585205	9.603571428571428	 92.60623168945312 
1000	280	3	143	1296.0015536112098	9.567857142857143	 65.78601050376892 
1000	280	3	54	1313.7487979103992	9.582142857142857	 57.460538148880005 
1000	280	3	106	1332.2336164377627	9.607142857142858	 130.54333019256592 
1000	280	3	158	1307.888160398577	9.571428571428571	 93.90502190589905 
1000	280	3	6	1341.3029706983884	9.932142857142857	 49.85753107070923 
1000	280	3	105	1298.4834405105225	10.367857142857142	 48.59329128265381 
1000	280	3	10	1314.9716762453556	9.375	 64.00192499160767 
1000	280	3	135	1317.8270280229438	9.785714285714286	 40.96134567260742 
1000	280	3	192	1321.2852707409272	9.825	 249.09319519996643 
1000	280	3	104	1320.859790635011	8.964285714285714	 325.84276604652405 
1000	280	3	120	1332.5654352263023	9.29642857142857	 103.65181183815002 
1000	280	3	145	1323.7464789884348	9.646428571428572	 54.233816385269165 
1000	280	3	21	1347.602212429055	9.407142857142857	 119.06352663040161 
1000	280	3	12	1337.2457332173926	9.532142857142857	 62.91233777999878 
1000	280	3	101	1328.5721080288204	9.028571428571428	 73.53989768028259 
1000	280	3	99	1323.47457553973	9.592857142857143	 387.07600021362305 
1000	280	3	89	1303.348919625926	9.107142857142858	 48.23049807548523 
1000	280	3	132	1354.949724952422	9.339285714285714	 633.9983463287354 
1000	280	3	160	1273.1681066103777	10.189285714285715	 214.7623953819275 
1000	280	3	167	1327.567419498868	9.878571428571428	 333.71861362457275 
1000	280	3	185	1316.8049044651161	10.339285714285714	 55.559688568115234 
1000	280	3	2	1294.1100938713573	10.017857142857142	 375.71903014183044 
1000	280	3	29	1286.4709538299712	10.042857142857143	 68.28936767578125 
1000	280	3	97	1321.8911727511165	9.903571428571428	 46.409278869628906 
1000	280	3	90	1327.241178217909	9.121428571428572	 48.618366718292236 
1000	280	3	108	1310.6045363053497	9.232142857142858	 106.82752060890198 
1000	280	3	177	1310.6679415265442	9.425	 639.7652814388275 
1000	280	3	122	1323.5363200202853	9.428571428571429	 74.59239220619202 
1000	280	3	70	1319.6099581193216	9.560714285714285	 67.1143810749054 
1000	280	3	52	1343.1151360670015	9.007142857142858	 141.31289386749268 
1000	280	3	67	1302.4381564693629	9.65	 255.84687638282776 
1000	280	3	18	1335.496816548478	9.764285714285714	 50.21314072608948 
1000	280	3	114	1337.429505788917	8.978571428571428	 303.17644572257996 
1000	280	3	181	1356.3693762561904	9.032142857142857	 104.83784580230713 
1000	280	3	85	1311.8116688271361	9.414285714285715	 30.808534622192383 
1000	280	3	45	1320.5245374671376	9.775	 607.2435185909271 
1000	280	3	87	1338.322825152246	9.625	 141.11607098579407 
1000	280	3	28	1302.5496072998935	10.4	 164.18340826034546 
1000	280	3	53	1307.4349634031619	9.682142857142857	 132.72741842269897 
1000	280	3	176	1281.3448234515918	10.496428571428572	 628.00568151474 
1000	280	3	77	1320.3083403515332	9.435714285714285	 60.49753141403198 
1000	280	3	180	1313.6922460379224	9.803571428571429	 139.64467859268188 
1000	280	3	182	1346.2182091426776	9.632142857142858	 109.7627968788147 
1000	280	3	43	1295.3769833675244	10.775	 622.5572891235352 
1000	280	3	32	1310.0705931819748	9.396428571428572	 334.315390586853 
1000	280	3	102	1319.3036300957747	9.8	 63.20704412460327 
1000	280	3	144	1313.1639376353646	9.835714285714285	 76.79248571395874 
1000	280	3	92	1310.3551627131792	9.896428571428572	 45.22556257247925 
1000	280	3	15	1306.0196313784613	10.010714285714286	 122.40176892280579 
1000	280	3	58	1278.3911808609125	10.439285714285715	 97.86945509910583 
1000	280	3	136	1318.3038309432272	9.146428571428572	 239.30448007583618 
1000	280	3	142	1321.7138505811301	9.357142857142858	 327.2613251209259 
1000	280	3	86	1322.047060219767	8.935714285714285	 34.911805152893066 
1000	280	3	11	1335.8817411147654	9.685714285714285	 84.21007180213928 
1000	280	3	35	1354.0178229797616	8.685714285714285	 61.166072607040405 
1000	280	3	73	1345.1133017977243	9.746428571428572	 680.7885274887085 
1000	280	3	194	1303.5054957842815	10.457142857142857	 217.73686838150024 
1000	280	3	140	1329.2459379047255	10.2	 66.11855840682983 
1000	280	3	166	1286.7838140102056	10.435714285714285	 133.28915166854858 
1000	280	3	115	1286.1656149492906	10.628571428571428	 270.77054953575134 
1000	280	3	172	1299.8462946034192	9.314285714285715	 255.43419075012207 
1000	280	3	59	1322.9066952531614	9.507142857142858	 138.54804491996765 
1000	280	3	193	1338.3377169123796	9.442857142857143	 634.9574739933014 
1000	280	3	55	1316.8325483971919	9.928571428571429	 395.1862106323242 
1000	280	3	9	1320.6807566146258	9.5	 58.77109932899475 
1000	280	3	39	1316.5917532454766	9.553571428571429	 472.7570927143097 
1000	280	3	134	1327.0942022095992	9.278571428571428	 50.03815150260925 
1000	280	3	148	1292.7960888241175	9.932142857142857	 276.0063416957855 
1000	280	3	191	1319.3324111973661	9.835714285714285	 79.5311667919159 
1000	280	3	19	1307.9218298586197	9.878571428571428	 158.06029748916626 
1000	280	3	75	1298.1291089417693	9.3	 646.072587966919 
1000	280	3	74	1320.0738072947745	9.996428571428572	 641.4045407772064 
1000	280	3	22	1325.6534373327856	8.957142857142857	 710.2002437114716 
1000	280	3	156	1336.6683600586905	8.989285714285714	 50.72071838378906 
1000	280	3	1	1311.0378119315842	9.575	 65.93809700012207 
1000	280	3	152	1311.8915061486302	9.432142857142857	 172.6396610736847 
1000	280	3	44	1367.5870962019808	9.264285714285714	 650.0288474559784 
1000	280	3	38	1283.7652853625698	10.028571428571428	 148.8958990573883 
1000	280	3	30	1312.9087589693481	9.9	 477.94079399108887 
1000	280	3	184	1297.094324261923	9.95357142857143	 63.001187801361084 
1000	280	3	81	1314.750080502071	9.5	 33.66966366767883 
1000	280	3	130	1299.4352064108296	10.032142857142857	 66.17786955833435 
1000	280	3	94	1332.720356534188	10.025	 175.2836925983429 
1000	280	3	188	1332.2418610472082	9.739285714285714	 264.62898874282837 
1000	280	3	46	1315.5794715292836	9.821428571428571	 51.18357872962952 
1000	280	3	63	1349.8862047173398	8.771428571428572	 30.67081642150879 
1000	280	3	170	1343.039020585317	9.607142857142858	 642.1732828617096 
1000	280	3	69	1300.7322081635484	9.417857142857143	 148.16028809547424 
1000	280	3	174	1336.1818535844745	9.317857142857143	 96.51319336891174 
1000	280	3	47	1327.0190509195197	10.0	 62.813037633895874 
1000	280	3	155	1322.604516048999	9.353571428571428	 643.1924338340759 
1000	280	3	137	1281.875829445708	9.882142857142858	 374.72391176223755 
1000	280	3	93	1288.1369396700547	9.614285714285714	 634.8068754673004 
1000	280	3	78	1309.1191055560193	9.485714285714286	 635.5882997512817 
1000	280	3	164	1304.7566608678387	9.717857142857143	 287.7314579486847 
1000	280	3	179	1328.63700420419	9.264285714285714	 43.80063438415527 
1000	280	3	165	1328.4684629280398	9.264285714285714	 649.8892102241516 
1000	280	3	150	1296.7456764478054	10.107142857142858	 278.67239260673523 
1000	280	3	95	1335.6759073992578	9.375	 605.7345352172852 
1000	280	3	126	1286.0178489128457	10.532142857142857	 632.4343326091766 
1000	280	3	65	1313.5229467118695	9.632142857142858	 52.722015380859375 
1000	280	3	25	1311.5227434421652	9.510714285714286	 609.9197239875793 
1000	280	3	4	1299.543782180245	10.310714285714285	 694.0826072692871 
1000	280	3	110	1282.089045052446	10.20357142857143	 117.5046694278717 
1000	280	3	49	1290.2139854091777	10.614285714285714	 630.4146656990051 
1000	280	3	26	1321.0448029268223	9.571428571428571	 656.4358425140381 
1000	280	3	111	1348.335433360824	9.303571428571429	 653.9140467643738 
1000	280	3	41	1326.017614089055	9.303571428571429	 633.1444005966187 
1000	280	3	147	1286.1585193417397	10.442857142857143	 247.61252999305725 
1000	280	3	66	1308.506328136755	9.892857142857142	 623.9363062381744 
1000	280	3	128	1301.9130241476469	10.264285714285714	 56.19407868385315 
1000	280	3	48	1334.21304822547	9.317857142857143	 132.54012393951416 
1000	280	3	24	1308.2455948248307	9.521428571428572	 63.96820545196533 
1000	280	3	40	1273.5126376407102	10.217857142857143	 625.4699354171753 
1000	280	3	72	1317.8918819370128	9.532142857142857	 152.65815329551697 
1000	280	3	20	1302.9543212084066	9.45	 74.80610203742981 
1000	280	3	84	1312.5688984392655	9.385714285714286	 631.5740959644318 
1000	280	3	159	1304.3816721190185	10.928571428571429	 136.39675879478455 
1000	280	3	96	1282.2369524272265	10.467857142857143	 109.76798105239868 
1000	280	3	157	1337.6801895289166	9.325	 642.2750313282013 
1000	280	3	190	1328.2841083909034	9.692857142857143	 586.1069550514221 
1000	280	3	14	1304.975330194428	9.235714285714286	 750.5209476947784 
1000	280	3	113	1297.3222292146095	10.239285714285714	 66.75502490997314 
1000	280	3	62	1286.7143499692468	10.182142857142857	 633.7590305805206 
1000	280	3	178	1314.2516708056844	9.864285714285714	 85.74330353736877 
1000	280	3	36	1305.832487001587	9.896428571428572	 98.47677707672119 
1000	280	3	124	1329.6135221274553	9.675	 631.7538411617279 
1000	280	3	198	1312.570483186426	9.214285714285714	 631.1712293624878 
1000	280	3	103	1342.908246122982	8.742857142857142	 362.1775197982788 
1000	280	3	119	1324.7134472877738	9.692857142857143	 628.1844143867493 
1000	280	3	8	1262.9535621201858	10.753571428571428	 157.94058465957642 
1000	280	3	17	1286.4692826018534	10.067857142857143	 76.96363472938538 
1000	280	3	131	1328.9927724704269	9.160714285714286	 634.1968283653259 
1000	280	3	3	1327.2374923615944	9.771428571428572	 698.3086745738983 
