1000	86	-1	34	599.0124843359233	599.0124843359233	7.9186046511627906
1000	86	-1	12	618.0124843359233	618.0124843359233	8.162790697674419
1000	86	-1	22	604.4984946680208	604.4984946680208	7.976744186046512
1000	86	-1	3	589.9406875661987	589.9406875661987	7.9186046511627906
1000	86	-1	2	626.891528471293	626.891528471293	8.372093023255815
1000	86	-1	1	605.5408541862228	605.5408541862228	7.988372093023256
1000	86	-1	4	605.2811624862134	605.2811624862134	7.953488372093023
1000	86	-1	0	603.5975418156913	603.5975418156913	8.05813953488372
1000	86	-1	9	619.2339452639415	619.2339452639415	8.232558139534884
1000	86	-1	8	601.9845050001185	601.9845050001185	7.895348837209302
1000	86	-1	39	604.7248133001092	604.7248133001092	7.848837209302325
1000	86	-1	38	632.0507151079141	632.0507151079141	8.418604651162791
1000	86	-1	40	616.2979297380153	616.2979297380153	8.267441860465116
1000	86	-1	18	647.051444065773	647.051444065773	8.476744186046512
1000	86	-1	11	625.7411353551402	625.7411353551402	8.220930232558139
1000	86	-1	10	594.7248133001093	594.7248133001093	7.77906976744186
1000	86	-1	28	615.2704610303829	615.2704610303829	8.081395348837209
1000	86	-1	30	613.7233553843912	613.7233553843912	8.162790697674419
1000	86	-1	29	624.0631013465468	624.0631013465468	8.186046511627907
1000	86	-1	55	629.2845622745656	629.2845622745656	8.255813953488373
1000	86	-1	56	584.4707421993003	584.4707421993003	7.744186046511628
1000	86	-1	58	633.2346742218006	633.2346742218006	8.255813953488373
1000	86	-1	57	593.3344503273299	593.3344503273299	7.8604651162790695
1000	86	-1	52	585.8399254129788	585.8399254129788	7.627906976744186
1000	86	-1	51	605.1341691584124	605.1341691584124	8.0
1000	86	-1	53	606.9161080187458	606.9161080187458	8.05813953488372
1000	86	-1	54	613.9633252410176	613.9633252410176	7.976744186046512
1000	86	-1	50	598.619450532651	598.619450532651	8.011627906976743
1000	86	-1	35	604.653749202768	604.653749202768	8.093023255813954
1000	86	-1	36	580.0789079505321	580.0789079505321	7.906976744186046
1000	86	-1	37	618.038521799094	618.038521799094	8.05813953488372
1000	86	-1	47	626.8842268038146	626.8842268038146	8.337209302325581
1000	86	-1	43	595.1808842899095	595.1808842899095	8.127906976744185
1000	86	-1	44	609.7479349318439	609.7479349318439	8.127906976744185
1000	86	-1	48	628.7910234079047	628.7910234079047	8.255813953488373
1000	86	-1	49	619.4977657101617	619.4977657101617	8.244186046511627
1000	86	-1	42	619.1006031606787	619.1006031606787	8.290697674418604
1000	86	-1	46	617.5238031733327	617.5238031733327	8.093023255813954
1000	86	-1	45	611.3522302980789	611.3522302980789	8.011627906976743
1000	86	-1	41	612.3132705682289	612.3132705682289	8.13953488372093
1000	86	-1	16	594.9920335346812	594.9920335346812	7.790697674418604
1000	86	-1	15	614.5476537629265	614.5476537629265	8.186046511627907
1000	86	-1	13	620.1259116659905	620.1259116659905	8.220930232558139
1000	86	-1	14	624.3310505389779	624.3310505389779	8.127906976744185
1000	86	-1	31	634.8628201776294	634.8628201776294	8.313953488372093
1000	86	-1	32	612.5223452576147	612.5223452576147	8.244186046511627
1000	86	-1	33	609.8956572175041	609.8956572175041	7.988372093023256
1000	86	-1	84	593.7966100698336	593.7966100698336	7.616279069767442
1000	86	-1	80	628.3979896046326	628.3979896046326	8.279069767441861
1000	86	-1	83	618.9509390023846	618.9509390023846	8.174418604651162
1000	86	-1	81	607.767172818311	607.767172818311	7.883720930232558
1000	86	-1	89	593.6097049017641	593.6097049017641	8.0
1000	86	-1	82	619.7876236195528	619.7876236195528	8.174418604651162
1000	86	-1	90	590.9944812126145	590.9944812126145	8.034883720930232
1000	86	-1	25	597.1030169013401	597.1030169013401	7.930232558139535
1000	86	-1	27	635.3597588326418	635.3597588326418	8.337209302325581
1000	86	-1	26	619.2264167293788	619.2264167293788	8.162790697674419
1000	86	-1	19	612.813887949808	612.813887949808	8.069767441860465
1000	86	-1	5	608.623579278862	608.623579278862	8.05813953488372
1000	86	-1	7	595.4028473087026	595.4028473087026	7.755813953488372
1000	86	-1	6	597.0124843359233	597.0124843359233	7.965116279069767
1000	86	-1	17	603.896386175363	603.896386175363	7.848837209302325
1000	86	-1	73	606.8122031670056	606.8122031670056	8.034883720930232
1000	86	-1	74	603.9905756189632	603.9905756189632	8.104651162790697
1000	86	-1	72	602.1694538762201	602.1694538762201	8.337209302325581
1000	86	-1	78	583.8710776700512	583.8710776700512	7.604651162790698
1000	86	-1	75	615.1799284649662	615.1799284649662	8.186046511627907
1000	86	-1	71	565.4308266445073	565.4308266445073	7.488372093023256
1000	86	-1	77	594.3261928349082	594.3261928349082	8.011627906976743
1000	86	-1	79	626.4683284586391	626.4683284586391	8.36046511627907
1000	86	-1	76	598.2804335283544	598.2804335283544	7.895348837209302
1000	86	-1	68	603.4191693637334	603.4191693637334	8.046511627906977
1000	86	-1	69	584.5924270217895	584.5924270217895	7.77906976744186
1000	86	-1	70	612.3227930465561	612.3227930465561	8.104651162790697
1000	86	-1	67	619.9879047884705	619.9879047884705	8.151162790697674
1000	86	-1	62	602.5785489301672	602.5785489301672	7.848837209302325
1000	86	-1	61	604.1095896109596	604.1095896109596	7.883720930232558
1000	86	-1	66	615.0850100635067	615.0850100635067	7.976744186046512
1000	86	-1	60	585.033664095024	585.033664095024	7.790697674418604
1000	86	-1	63	604.0735796498172	604.0735796498172	8.023255813953488
1000	86	-1	59	609.3979896046326	609.3979896046326	8.05813953488372
1000	86	-1	64	619.4984946680208	619.4984946680208	8.127906976744185
1000	86	-1	65	572.0944804707037	572.0944804707037	7.895348837209302
1000	86	-1	20	605.4281558140143	605.4281558140143	7.837209302325581
1000	86	-1	21	623.5018944563728	623.5018944563728	8.267441860465116
1000	86	-1	109	622.2045080124192	622.2045080124192	8.30232558139535
1000	86	-1	106	621.2239727659702	621.2239727659702	8.174418604651162
1000	86	-1	111	599.8360537565995	599.8360537565995	8.104651162790697
1000	86	-1	107	609.8696197543334	609.8696197543334	8.069767441860465
1000	86	-1	120	588.9879047884705	588.9879047884705	7.813953488372093
1000	86	-1	110	604.0343930528832	604.0343930528832	7.941860465116279
1000	86	-1	108	598.4364133064362	598.4364133064362	7.662790697674419
1000	86	-1	121	632.037063883376	632.037063883376	8.36046511627907
1000	86	-1	114	628.4454336939887	628.4454336939887	8.36046511627907
1000	86	-1	116	613.8197317015685	613.8197317015685	8.13953488372093
1000	86	-1	112	610.1881859573879	610.1881859573879	8.05813953488372
1000	86	-1	115	613.3091418220183	613.3091418220183	8.081395348837209
1000	86	-1	113	620.3809385917427	620.3809385917427	8.174418604651162
1000	86	-1	117	587.6496167420328	587.6496167420328	7.686046511627907
1000	86	-1	119	615.6194505326512	615.6194505326512	8.232558139534884
1000	86	-1	118	599.7910234079048	599.7910234079048	7.965116279069767
1000	86	-1	103	603.7233553843914	603.7233553843914	8.069767441860465
1000	86	-1	101	589.2354031796597	589.2354031796597	7.72093023255814
1000	86	-1	104	596.7479349318442	596.7479349318442	8.023255813953488
1000	86	-1	98	605.4950948796691	605.4950948796691	7.895348837209302
1000	86	-1	99	630.1210226308244	630.1210226308244	8.651162790697674
1000	86	-1	100	613.2052369702778	613.2052369702778	8.174418604651162
1000	86	-1	102	621.8498979109504	621.8498979109504	8.011627906976743
1000	86	-1	105	601.59827077355	601.59827077355	7.965116279069767
1000	86	-1	97	606.4478776573974	606.4478776573974	8.046511627906977
1000	86	-1	95	604.1969794778558	604.1969794778558	8.116279069767442
1000	86	-1	96	609.7564713624805	609.7564713624805	7.941860465116279
1000	86	-1	92	610.0735796498172	610.0735796498172	8.069767441860465
1000	86	-1	94	641.445206826904	641.445206826904	8.337209302325581
1000	86	-1	93	592.7773721833669	592.7773721833669	7.941860465116279
1000	86	-1	91	608.6659387970635	608.6659387970635	8.011627906976743
1000	86	-1	135	603.038521799094	603.038521799094	7.8604651162790695
1000	86	-1	128	636.9879047884704	636.9879047884704	8.325581395348838
1000	86	-1	136	582.5106577540936	582.5106577540936	7.732558139534884
1000	86	-1	132	618.4062470970545	618.4062470970545	8.116279069767442
1000	86	-1	131	591.8180166960191	591.8180166960191	7.709302325581396
1000	86	-1	133	591.6652098392049	591.6652098392049	7.930232558139535
1000	86	-1	130	628.4069760549135	628.4069760549135	8.069767441860465
1000	86	-1	134	605.2789756126365	605.2789756126365	8.255813953488373
1000	86	-1	137	583.0166130821342	583.0166130821342	7.755813953488372
1000	86	-1	127	594.8530745467423	594.8530745467423	7.941860465116279
1000	86	-1	122	591.0236915970526	591.0236915970526	7.9186046511627906
1000	86	-1	125	599.1760265858397	599.1760265858397	8.174418604651162
1000	86	-1	129	596.8669489238403	596.8669489238403	7.941860465116279
1000	86	-1	123	610.8581893406437	610.8581893406437	8.372093023255815
1000	86	-1	124	624.7868946616941	624.7868946616941	8.30232558139535
1000	86	-1	126	630.6666677549226	630.6666677549226	8.220930232558139
1000	86	-1	149	613.5483827207855	613.5483827207855	8.05813953488372
1000	86	-1	147	617.0229626391937	617.0229626391937	8.220930232558139
1000	86	-1	150	631.4444778690454	631.4444778690454	8.313953488372093
1000	86	-1	143	612.1969794778561	612.1969794778561	8.209302325581396
1000	86	-1	142	606.6980468790794	606.6980468790794	8.13953488372093
1000	86	-1	148	610.0370638833759	610.0370638833759	8.151162790697674
1000	86	-1	140	604.9686669020034	604.9686669020034	8.267441860465116
1000	86	-1	138	596.5320606657544	596.5320606657544	7.732558139534884
1000	86	-1	144	605.0458271810969	605.0458271810969	7.988372093023256
1000	86	-1	145	627.2312744334488	627.2312744334488	8.116279069767442
1000	86	-1	139	619.8423693763873	619.8423693763873	8.011627906976743
1000	86	-1	146	604.2982134991033	604.2982134991033	7.930232558139535
1000	86	-1	141	597.5588610240561	597.5588610240561	8.011627906976743
1000	86	-1	86	603.8832709788712	603.8832709788712	8.034883720930232
1000	86	-1	88	599.6980468790794	599.6980468790794	8.034883720930232
1000	86	-1	87	625.4527353614671	625.4527353614671	8.104651162790697
1000	86	-1	24	619.0090845475713	619.0090845475713	8.104651162790697
1000	86	-1	23	604.3522302980789	604.3522302980789	7.976744186046512
1000	86	-1	85	617.0467792915157	617.0467792915157	7.930232558139535
1000	86	-1	151	607.4970367523028	607.4970367523028	8.244186046511627
1000	86	-1	153	610.6953760485864	610.6953760485864	8.069767441860465
1000	86	-1	155	616.306470991525	616.306470991525	8.023255813953488
1000	86	-1	152	615.7199555960393	615.7199555960393	8.093023255813954
1000	86	-1	154	621.2551250230426	621.2551250230426	8.220930232558139
1000	86	-1	177	620.6488877841739	620.6488877841739	8.13953488372093
1000	86	-1	172	608.1587487058649	608.1587487058649	8.162790697674419
1000	86	-1	175	582.7705726066631	582.7705726066631	7.686046511627907
1000	86	-1	174	589.0672300927579	589.0672300927579	7.732558139534884
1000	86	-1	171	601.4232981099444	601.4232981099444	7.930232558139535
1000	86	-1	178	625.74113535514	625.74113535514	8.244186046511627
1000	86	-1	176	595.6995047947973	595.6995047947973	7.8023255813953485
1000	86	-1	173	616.6258000897105	616.6258000897105	8.290697674418604
1000	86	-1	170	624.3057420336661	624.3057420336661	8.255813953488373
1000	86	-1	185	635.3023422453143	635.3023422453143	8.290697674418604
1000	86	-1	189	608.1782134594165	608.1782134594165	7.930232558139535
1000	86	-1	184	614.2045080124191	614.2045080124191	8.279069767441861
1000	86	-1	191	595.8464981225982	595.8464981225982	7.686046511627907
1000	86	-1	186	602.0124843359232	602.0124843359232	8.069767441860465
1000	86	-1	183	623.4013893929844	623.4013893929844	8.313953488372093
1000	86	-1	187	618.3556300864307	618.3556300864307	8.13953488372093
1000	86	-1	188	618.6128778230312	618.6128778230312	8.209302325581396
1000	86	-1	181	617.6211353154533	617.6211353154533	8.151162790697674
1000	86	-1	182	591.0884098518588	591.0884098518588	7.767441860465116
1000	86	-1	190	632.909308442042	632.909308442042	8.267441860465116
1000	86	-1	179	630.0516709328576	630.0516709328576	8.383720930232558
1000	86	-1	180	602.623579278862	602.623579278862	7.988372093023256
1000	86	-1	192	628.9321729839453	628.9321729839453	8.19767441860465
1000	86	-1	196	629.9633252410176	629.9633252410176	8.162790697674419
1000	86	-1	198	621.7985519424676	621.7985519424676	8.19767441860465
1000	86	-1	199	601.8416404185284	601.8416404185284	7.988372093023256
1000	86	-1	193	616.4437489111863	616.4437489111863	8.209302325581396
1000	86	-1	195	626.4021183508435	626.4021183508435	8.186046511627907
1000	86	-1	194	617.3809385917426	617.3809385917426	8.116279069767442
1000	86	-1	197	622.9594233618911	622.9594233618911	8.325581395348838
1000	86	-1	164	592.7452641013513	592.7452641013513	7.813953488372093
1000	86	-1	165	613.062372388688	613.062372388688	8.127906976744185
1000	86	-1	162	618.5018944563728	618.5018944563728	8.162790697674419
1000	86	-1	169	622.6946470907274	622.6946470907274	8.232558139534884
1000	86	-1	167	611.7679054906941	611.7679054906941	8.093023255813954
1000	86	-1	168	636.8450402068804	636.8450402068804	8.44186046511628
1000	86	-1	163	626.0589726003359	626.0589726003359	8.232558139534884
1000	86	-1	159	625.776420072948	625.776420072948	8.523255813953488
1000	86	-1	166	628.7966100698337	628.7966100698337	8.069767441860465
1000	86	-1	156	623.8628201776294	623.8628201776294	8.162790697674419
1000	86	-1	157	600.9127082303938	600.9127082303938	7.9186046511627906
1000	86	-1	161	610.184786169036	610.184786169036	8.081395348837209
1000	86	-1	158	579.9423723490011	579.9423723490011	7.744186046511628
1000	86	-1	160	605.552738334081	605.552738334081	8.046511627906977
