1000	56	3	140	402.1937726193169	8.232142857142858	0.006121397018432617
1000	56	3	146	411.88225099390894	7.857142857142857	0.00557255744934082
1000	56	3	120	406.12829146938026	7.892857142857143	0.005951404571533203
1000	56	3	133	403.2042169853156	7.642857142857143	0.005373954772949219
1000	56	3	26	402.149471228481	7.803571428571429	0.005819082260131836
1000	56	3	22	410.95671859412647	7.964285714285714	0.005742788314819336
1000	56	3	25	403.2321963211205	7.839285714285714	0.005862712860107422
1000	56	3	32	419.7851457188725	8.142857142857142	0.005837202072143555
1000	56	3	33	422.98202709943826	8.125	0.006064176559448242
1000	56	3	107	396.2704270931112	7.785714285714286	0.00554347038269043
1000	56	3	105	406.85621353073805	7.964285714285714	0.005903482437133789
1000	56	3	156	416.70994916079616	8.142857142857142	0.005961418151855469
1000	56	3	121	423.1993592812458	8.214285714285714	0.006240367889404297
1000	56	3	132	415.1781795221449	8.160714285714286	0.005841493606567383
1000	56	3	168	438.4673084736768	8.464285714285714	0.006487131118774414
1000	56	3	103	410.3251728499458	7.928571428571429	0.0058133602142333984
1000	56	3	155	421.29986434463405	8.107142857142858	0.005859375
1000	56	3	161	398.1487422706221	7.875	0.005692481994628906
1000	56	3	27	431.152871016833	8.428571428571429	0.006402015686035156
1000	56	3	30	414.2239388286985	8.178571428571429	0.005867958068847656
1000	56	3	104	405.1022540062094	8.035714285714286	0.005931377410888672
1000	56	3	100	427.17817952214483	8.267857142857142	0.006363868713378906
1000	56	3	162	419.32031514587595	8.267857142857142	0.006197214126586914
1000	56	3	97	404.8562135307381	7.928571428571429	0.0058023929595947266
1000	56	3	141	408.0024779006801	8.053571428571429	0.005995988845825195
1000	56	3	153	414.9861558456492	7.910714285714286	0.005836963653564453
1000	56	3	129	398.9820270994382	7.732142857142857	0.005513429641723633
1000	56	3	164	406.8145829703954	7.785714285714286	0.005492210388183594
1000	56	3	109	420.6135728436189	8.178571428571429	0.006094694137573242
1000	56	3	1	419.9321390466736	8.035714285714286	0.0059661865234375
1000	56	3	123	427.9136301180657	8.410714285714286	0.006716012954711914
1000	56	3	135	399.61770158982984	7.732142857142857	0.0056896209716796875
1000	56	3	165	413.2239388286987	8.125	0.005888700485229492
1000	56	3	145	427.37506090271046	8.196428571428571	0.005972862243652344
1000	56	3	152	425.4419999683651	8.285714285714286	0.005894899368286133
1000	56	3	111	421.2034880274567	8.107142857142858	0.005944490432739258
1000	56	3	101	393.44685767243493	7.5	0.0054128170013427734
1000	56	3	81	413.1789084800038	7.875	0.005774021148681641
1000	56	3	69	392.40036940802224	7.517857142857143	0.005182981491088867
1000	56	3	50	409.73452870824894	8.071428571428571	0.006200075149536133
1000	56	3	59	419.99834915446917	8.303571428571429	0.006226301193237305
1000	56	3	58	422.6388813489306	8.160714285714286	0.0061571598052978516
1000	56	3	46	434.99907811232816	8.428571428571429	0.006501197814941406
1000	56	3	44	405.7133489491482	7.982142857142857	0.005705118179321289
1000	56	3	31	421.6675896425945	8.160714285714286	0.006109714508056641
1000	56	3	170	420.7851457188725	8.160714285714286	0.006615638732910156
1000	56	3	71	374.1316912577322	7.357142857142857	0.005300998687744141
1000	56	3	183	426.37433194485146	8.357142857142858	0.0062825679779052734
1000	56	3	182	395.22879653276846	7.589285714285714	0.005532979965209961
1000	56	3	187	407.9109592875727	7.803571428571429	0.005408525466918945
1000	56	3	34	406.07767445875663	7.964285714285714	0.005660295486450195
1000	56	3	51	411.6177015898298	7.946428571428571	0.005901813507080078
1000	56	3	57	401.44612871457605	7.785714285714286	0.005721569061279297
1000	56	3	172	406.83017606756727	8.196428571428571	0.006771564483642578
1000	56	3	70	406.8815220360498	7.910714285714286	0.005768775939941406
1000	56	3	191	408.446857672435	7.767857142857143	0.005482196807861328
1000	56	3	110	419.7058204145852	8.232142857142858	0.0060787200927734375
1000	56	3	7	402.1789084800039	7.678571428571429	0.006030559539794922
1000	56	3	4	422.3675323681475	8.107142857142858	0.006203413009643555
1000	56	3	90	401.174050775934	7.875	0.005730152130126953
1000	56	3	37	431.93553883502557	8.321428571428571	0.006109952926635742
1000	56	3	195	416.22879653276857	7.964285714285714	0.005845069885253906
1000	56	3	122	406.59239308451794	7.982142857142857	0.0061664581298828125
1000	56	3	86	408.22053904034664	7.964285714285714	0.0059893131256103516
1000	56	3	55	415.98129814157926	8.142857142857142	0.0060656070709228516
1000	56	3	189	411.2638543834917	8.071428571428571	0.005796194076538086
1000	56	3	154	424.5425050317533	8.196428571428571	0.006203413009643555
1000	56	3	116	429.24924733401036	8.392857142857142	0.006398200988769531
1000	56	3	5	419.08180320496746	8.125	0.006063222885131836
1000	56	3	185	426.63888134893074	8.232142857142858	0.006236076354980469
1000	56	3	127	411.442728926224	7.892857142857143	0.00584101676940918
1000	56	3	134	416.88079307819095	8.267857142857142	0.006333589553833008
1000	56	3	83	422.2198100824875	8.357142857142858	0.006192445755004883
1000	56	3	157	396.19523053503474	7.803571428571429	0.005479097366333008
1000	56	3	96	428.2253967444165	8.142857142857142	0.006268978118896484
1000	56	3	98	411.0326441100619	7.803571428571429	0.005597591400146484
1000	56	3	173	418.4059900072227	8.303571428571429	0.006491661071777344
1000	56	3	150	443.12416272316926	8.625	0.006682634353637695
1000	56	3	66	419.5685424949241	7.910714285714286	0.005701541900634766
1000	56	3	80	426.1241627231693	8.285714285714286	0.0061817169189453125
1000	56	3	42	420.734528708249	8.267857142857142	0.006166219711303711
1000	56	3	125	419.02705744813295	8.339285714285714	0.006394386291503906
1000	56	3	38	440.48775927491863	8.660714285714286	0.00675201416015625
1000	56	3	139	425.27528479718114	8.089285714285714	0.006042957305908203
1000	56	3	47	428.00247790068005	8.375	0.006411314010620117
1000	56	3	130	418.97789835322726	8.125	0.0058367252349853516
1000	56	3	68	421.9061015835028	8.267857142857142	0.0062258243560791016
1000	56	3	43	398.8554845728792	8.035714285714286	0.005835533142089844
1000	56	3	23	399.299864344634	7.75	0.005839824676513672
1000	56	3	188	415.1993592812458	8.107142857142858	0.0059473514556884766
1000	56	3	91	415.27042709311127	8.125	0.006036996841430664
1000	56	3	180	409.3203151458759	8.053571428571429	0.00600743293762207
1000	56	3	118	405.46730847367684	7.875	0.005506753921508789
1000	56	3	9	414.7557084673499	8.214285714285714	0.006292104721069336
1000	56	3	177	432.4673084736769	8.357142857142858	0.006512165069580078
1000	56	3	174	394.0859319511784	7.607142857142857	0.005939483642578125
1000	56	3	0	416.88152203604983	8.089285714285714	0.005940437316894531
1000	56	3	114	448.05309491130373	8.625	0.00671696662902832
1000	56	3	92	405.2392748360389	7.910714285714286	0.005586147308349609
1000	56	3	39	403.42154916712315	7.767857142857143	0.005430459976196289
1000	56	3	49	415.70994916079604	8.089285714285714	0.0056955814361572266
1000	56	3	112	407.3709321564995	7.910714285714286	0.005751609802246094
1000	56	3	175	384.86034227694915	7.5	0.005252361297607422
1000	56	3	142	426.10298296406853	8.267857142857142	0.006161928176879883
1000	56	3	144	397.78514571887257	7.785714285714286	0.005555152893066406
1000	56	3	28	424.29986434463405	8.160714285714286	0.006021261215209961
1000	56	3	35	422.56781353706515	8.107142857142858	0.0058209896087646484
1000	56	3	54	423.37578986056957	7.982142857142857	0.005568742752075195
1000	56	3	138	393.3962406618113	7.607142857142857	0.005408525466918945
1000	56	3	36	405.588264338307	8.0	0.005758047103881836
1000	56	3	149	400.9525898479155	7.857142857142857	0.005480051040649414
1000	56	3	169	426.76396595977184	8.25	0.006006479263305664
1000	56	3	119	402.4884882327777	7.839285714285714	0.006113529205322266
1000	56	3	163	413.2451185877995	8.142857142857142	0.006114482879638672
1000	56	3	136	406.71480686486603	7.714285714285714	0.005692481994628906
1000	56	3	159	441.3203151458759	8.696428571428571	0.006773948669433594
1000	56	3	128	436.44685767243504	8.267857142857142	0.006159067153930664
1000	56	3	99	432.5417760738943	8.589285714285714	0.006502866744995117
1000	56	3	192	419.5383762855423	8.178571428571429	0.00625300407409668
1000	56	3	126	414.4215491671231	8.0	0.0059773921966552734
1000	56	3	61	400.5220542305114	7.607142857142857	0.005529642105102539
1000	56	3	148	424.95598963626753	8.357142857142858	0.00620269775390625
1000	56	3	56	419.54250503175325	8.107142857142858	0.00605463981628418
1000	56	3	65	400.588264338307	7.910714285714286	0.005853414535522461
1000	56	3	82	421.299864344634	8.142857142857142	0.006100893020629883
1000	56	3	67	412.7892744650836	7.946428571428571	0.006136178970336914
1000	56	3	158	403.2492473340105	7.892857142857143	0.0057027339935302734
1000	56	3	87	420.83989147570725	7.982142857142857	0.005680084228515625
1000	56	3	108	406.49674572519956	7.803571428571429	0.005454540252685547
1000	56	3	11	423.7598372135608	8.267857142857142	0.005926609039306641
1000	56	3	190	434.3463526090466	8.303571428571429	0.0064122676849365234
1000	56	3	74	416.97716939536826	8.232142857142858	0.0064313411712646484
1000	56	3	78	380.6177015898298	7.392857142857143	0.005143880844116211
1000	56	3	79	430.4918880211297	8.410714285714286	0.006412029266357422
1000	56	3	124	424.3709321564996	8.214285714285714	0.0060710906982421875
1000	56	3	199	408.61357284361884	7.964285714285714	0.00580906867980957
1000	56	3	77	399.44199996836505	7.821428571428571	0.005745887756347656
1000	56	3	60	395.446128714576	7.714285714285714	0.005595207214355469
1000	56	3	84	401.6683186004534	7.660714285714286	0.0056879520416259766
1000	56	3	85	413.1372779196611	7.696428571428571	0.005609989166259766
1000	56	3	8	410.8104542241845	7.964285714285714	0.0058934688568115234
1000	56	3	106	423.12829146938026	8.160714285714286	0.006181478500366211
1000	56	3	193	423.4960167673407	8.25	0.005942821502685547
1000	56	3	194	420.584864549955	8.160714285714286	0.006209135055541992
1000	56	3	131	392.32517284994583	7.535714285714286	0.005212306976318359
1000	56	3	115	434.2964645562821	8.267857142857142	0.006115436553955078
1000	56	3	184	418.78441676101374	8.303571428571429	0.006319284439086914
1000	56	3	167	416.2319731685604	8.267857142857142	0.006086826324462891
1000	56	3	41	423.4673084736768	8.196428571428571	0.0059833526611328125
1000	56	3	166	430.9362677928845	8.160714285714286	0.00611567497253418
1000	56	3	143	423.1952305350349	8.285714285714286	0.006434917449951172
1000	56	3	102	428.42154916712326	8.178571428571429	0.0060656070709228516
1000	56	3	147	420.66006110803147	8.178571428571429	0.006096363067626953
1000	56	3	40	415.0523659534448	8.214285714285714	0.006020307540893555
1000	56	3	151	417.73039996203806	8.285714285714286	0.0060999393463134766
1000	56	3	73	418.1241627231692	8.142857142857142	0.0065081119537353516
1000	56	3	62	407.3497523973986	7.928571428571429	0.0058939456939697266
1000	56	3	53	415.0735457125457	8.232142857142858	0.006144285202026367
1000	56	3	89	406.6218303360407	7.857142857142857	0.005728483200073242
1000	56	3	137	401.4918880211296	8.0	0.005823612213134766
1000	56	3	29	406.7885455072246	7.982142857142857	0.00579380989074707
1000	56	3	19	413.98202709943826	8.071428571428571	0.006714582443237305
1000	56	3	18	445.3463526090467	8.5	0.007022857666015625
1000	56	3	16	403.66831860045335	7.696428571428571	0.005936384201049805
1000	56	3	17	402.6430100951416	7.732142857142857	0.0059969425201416016
1000	56	3	63	417.19523053503485	8.178571428571429	0.0068416595458984375
1000	56	3	64	421.32104410373483	8.125	0.006537914276123047
1000	56	3	20	410.0326441100619	7.785714285714286	0.006139278411865234
1000	56	3	88	397.6846406554843	7.821428571428571	0.005503177642822266
1000	56	3	186	423.3955117039524	8.285714285714286	0.0060825347900390625
1000	56	3	45	427.4884882327776	8.285714285714286	0.006512641906738281
1000	56	3	6	418.3921119156005	8.125	0.006445646286010742
1000	56	3	117	386.39624066181125	7.482142857142857	0.005290508270263672
1000	56	3	21	430.9321390466737	8.232142857142858	0.006254911422729492
1000	56	3	198	406.64228113728257	7.982142857142857	0.0060961246490478516
1000	56	3	93	402.98202709943826	7.839285714285714	0.005793094635009766
1000	56	3	94	428.88225099390894	8.196428571428571	0.006319284439086914
1000	56	3	14	433.3716611143585	8.232142857142858	0.006360054016113281
1000	56	3	95	403.73039996203806	8.035714285714286	0.005973339080810547
1000	56	3	12	434.10371192192736	8.267857142857142	0.006866455078125
1000	56	3	2	427.34975239739873	8.285714285714286	0.007319450378417969
1000	56	3	196	422.1241627231692	8.214285714285714	0.006321907043457031
1000	56	3	176	419.35048135525767	7.964285714285714	0.006093263626098633
1000	56	3	178	422.29573559842305	8.232142857142858	0.006342411041259766
1000	56	3	197	411.1022540062095	8.178571428571429	0.0061075687408447266
1000	56	3	10	408.00733560475	7.803571428571429	0.006237030029296875
1000	56	3	24	427.98688480350813	8.0	0.0058443546295166016
1000	56	3	179	426.735257666108	8.232142857142858	0.006088733673095703
1000	56	3	3	407.8856507822608	7.857142857142857	0.0065686702728271484
1000	56	3	181	418.3497523973986	8.196428571428571	0.0060656070709228516
1000	56	3	75	414.3203151458759	8.142857142857142	0.0061511993408203125
1000	56	3	76	410.8856507822609	7.910714285714286	0.005821943283081055
1000	56	3	72	435.29913538677516	8.535714285714286	0.007264614105224609
1000	56	3	15	409.1022540062094	8.107142857142858	0.005769491195678711
1000	56	3	13	427.2711560509702	8.196428571428571	0.006026506423950195
