1000	222	3	132	1331.7083663025037	8.031531531531531	0.020124197006225586
1000	222	3	71	1280.8249400456152	7.900900900900901	0.019613265991210938
1000	222	3	121	1331.3171290337832	8.162162162162161	0.020495176315307617
1000	222	3	133	1288.833703343336	7.815315315315315	0.01886606216430664
1000	222	3	26	1339.1831741963447	8.103603603603604	0.019822359085083008
1000	222	3	31	1352.0926368080545	8.216216216216216	0.020718812942504883
1000	222	3	123	1316.0515205904085	8.072072072072071	0.020321130752563477
1000	222	3	111	1306.4545524545595	8.08108108108108	0.0197603702545166
1000	222	3	116	1339.0458999912075	8.184684684684685	0.021361112594604492
1000	222	3	170	1343.2070188547164	8.207207207207206	0.022937774658203125
1000	222	3	153	1352.6605207305502	8.108108108108109	0.02035808563232422
1000	222	3	112	1313.7730834489607	8.013513513513514	0.019613027572631836
1000	222	3	189	1320.2426588273913	7.941441441441442	0.019419431686401367
1000	222	3	163	1319.9413875086905	8.207207207207206	0.020374774932861328
1000	222	3	108	1314.3515997132383	7.86936936936937	0.019225358963012695
1000	222	3	169	1334.6399948840378	8.072072072072071	0.019754409790039062
1000	222	3	158	1315.8874278052892	7.981981981981982	0.0200345516204834
1000	222	3	138	1295.9744816595276	7.963963963963964	0.019892454147338867
1000	222	3	146	1324.0197399836545	7.90990990990991	0.019350528717041016
1000	222	3	149	1295.268200520487	8.13063063063063	0.0200808048248291
1000	222	3	91	1299.8365669020711	7.995495495495495	0.019771814346313477
1000	222	3	50	1322.6738568243672	8.058558558558559	0.020650863647460938
1000	222	3	56	1287.008935313471	7.725225225225225	0.018785953521728516
1000	222	3	22	1310.72931919452	7.936936936936937	0.019405603408813477
1000	222	3	80	1326.517440425448	8.112612612612613	0.02019476890563965
1000	222	3	141	1322.7144235610776	8.036036036036036	0.02033400535583496
1000	222	3	49	1332.7060097993199	8.103603603603604	0.02073192596435547
1000	222	3	89	1287.7979446719587	7.995495495495495	0.020413637161254883
1000	222	3	177	1334.4375014416692	8.103603603603604	0.02035379409790039
1000	222	3	5	1328.0193954335982	7.923423423423423	0.019801855087280273
1000	222	3	7	1286.3758966079524	7.747747747747748	0.018495798110961914
1000	222	3	51	1334.368380325311	8.166666666666666	0.021419286727905273
1000	222	3	107	1304.3051151633495	8.067567567567568	0.019812583923339844
1000	222	3	60	1305.2871083255168	7.900900900900901	0.019665002822875977
1000	222	3	37	1329.5521331491145	8.09009009009009	0.020155906677246094
1000	222	3	100	1348.1834218034635	8.103603603603604	0.020750999450683594
1000	222	3	109	1306.9050767820797	8.09009009009009	0.019776105880737305
1000	222	3	117	1269.2400354255963	7.756756756756757	0.018784046173095703
1000	222	3	125	1330.852190423561	8.166666666666666	0.021189212799072266
1000	222	3	82	1357.563310024463	8.26126126126126	0.021466970443725586
1000	222	3	27	1346.3791812809698	8.274774774774775	0.021124839782714844
1000	222	3	172	1320.780196032307	8.135135135135135	0.021387338638305664
1000	222	3	70	1317.3827119387843	7.990990990990991	0.019352197647094727
1000	222	3	66	1308.6790068654595	7.9774774774774775	0.0197145938873291
1000	222	3	97	1323.5153602928417	8.027027027027026	0.020000696182250977
1000	222	3	168	1332.3268709501467	8.166666666666666	0.020791053771972656
1000	222	3	43	1301.3158106879584	8.14864864864865	0.02013230323791504
1000	222	3	144	1368.1647210533913	8.252252252252251	0.0213472843170166
1000	222	3	23	1288.4575762913444	7.846846846846847	0.020084381103515625
1000	222	3	115	1315.2520286264103	8.126126126126126	0.02038407325744629
1000	222	3	181	1325.812414400124	7.963963963963964	0.020345211029052734
1000	222	3	173	1316.5077262568138	8.198198198198199	0.023384809494018555
1000	222	3	193	1331.6600840711765	8.022522522522523	0.020070314407348633
1000	222	3	176	1310.4056515578345	7.927927927927928	0.01982426643371582
1000	222	3	182	1344.153037264395	8.126126126126126	0.020549535751342773
1000	222	3	33	1315.3808925719948	8.013513513513514	0.019586801528930664
1000	222	3	162	1335.6210844728325	8.13063063063063	0.020528793334960938
1000	222	3	104	1306.5180407690807	7.878378378378378	0.018729209899902344
1000	222	3	79	1344.5185586139835	8.202702702702704	0.02176213264465332
1000	222	3	161	1307.0731614634415	7.927927927927928	0.019460678100585938
1000	222	3	76	1329.7926184567866	8.04054054054054	0.021058082580566406
1000	222	3	142	1314.0180286926288	8.04954954954955	0.020231962203979492
1000	222	3	140	1341.534122596757	8.153153153153154	0.02048206329345703
1000	222	3	98	1337.3376997732332	8.004504504504505	0.020123004913330078
1000	222	3	151	1328.9622276110229	8.144144144144144	0.020154237747192383
1000	222	3	197	1334.8916618899318	8.054054054054054	0.0202329158782959
1000	222	3	139	1350.0550988014163	8.225225225225225	0.021289348602294922
1000	222	3	57	1312.064015974616	7.95945945945946	0.01960444450378418
1000	222	3	88	1303.4030222248175	8.076576576576576	0.020355939865112305
1000	222	3	59	1328.731244204677	8.08108108108108	0.02013373374938965
1000	222	3	1	1318.6645840772376	8.022522522522523	0.020277976989746094
1000	222	3	68	1333.4108404516899	8.153153153153154	0.0204923152923584
1000	222	3	167	1331.5623239767729	8.121621621621621	0.019498586654663086
1000	222	3	99	1339.1273819604512	8.256756756756756	0.020981788635253906
1000	222	3	32	1338.1795295700829	8.126126126126126	0.020015478134155273
1000	222	3	93	1331.375934422781	8.04954954954955	0.019863367080688477
1000	222	3	83	1319.4336308936392	8.072072072072071	0.01910090446472168
1000	222	3	145	1321.578170612285	8.13963963963964	0.020598888397216797
1000	222	3	175	1327.455285126943	8.076576576576576	0.02031683921813965
1000	222	3	40	1305.1639682861032	8.18018018018018	0.020551204681396484
1000	222	3	85	1302.9534062616651	7.882882882882883	0.02032303810119629
1000	222	3	44	1344.1360612967744	8.216216216216216	0.020810604095458984
1000	222	3	186	1352.801311500233	8.14864864864865	0.020701169967651367
1000	222	3	61	1312.5054276633637	7.891891891891892	0.019723176956176758
1000	222	3	183	1297.6869417054925	8.018018018018019	0.020107269287109375
1000	222	3	16	1314.7587288294712	8.036036036036036	0.021112918853759766
1000	222	3	156	1291.2792971382157	7.90990990990991	0.019420146942138672
1000	222	3	15	1309.4345781811853	7.918918918918919	0.019236087799072266
1000	222	3	188	1354.3525820464045	8.17117117117117	0.0210115909576416
1000	222	3	77	1316.187370002939	8.04954954954955	0.020592212677001953
1000	222	3	30	1353.498853845395	8.22972972972973	0.020522594451904297
1000	222	3	42	1334.8526973372093	8.22072072072072	0.02083873748779297
1000	222	3	46	1353.0396412654231	8.076576576576576	0.022469282150268555
1000	222	3	0	1340.7991305578778	8.13063063063063	0.02033829689025879
1000	222	3	2	1307.1164330219979	8.04054054054054	0.022375822067260742
1000	222	3	192	1364.9313190835119	8.22072072072072	0.020806550979614258
1000	222	3	106	1332.8018135910079	8.09009009009009	0.020090341567993164
1000	222	3	196	1354.1982700256146	8.184684684684685	0.021036624908447266
1000	222	3	69	1285.6455559830601	7.81981981981982	0.020104408264160156
1000	222	3	130	1341.797705634116	8.256756756756756	0.020839452743530273
1000	222	3	129	1308.418017396626	8.076576576576576	0.020291805267333984
1000	222	3	187	1316.2470398405603	8.112612612612613	0.02035069465637207
1000	222	3	45	1342.9286616132888	8.121621621621621	0.021563053131103516
1000	222	3	180	1331.4790665706114	8.14864864864865	0.0209200382232666
1000	222	3	64	1339.1143309098522	8.144144144144144	0.020748615264892578
1000	222	3	155	1314.504156746236	7.941441441441442	0.0205535888671875
1000	222	3	165	1323.0418622074283	7.941441441441442	0.019685745239257812
1000	222	3	74	1334.9278890724127	8.067567567567568	0.020351648330688477
1000	222	3	73	1356.6864564771947	8.198198198198199	0.02086162567138672
1000	222	3	4	1323.070247848703	7.990990990990991	0.020096778869628906
1000	222	3	195	1334.5637952527616	8.162162162162161	0.020751237869262695
1000	222	3	154	1347.1887996184182	8.117117117117116	0.02069711685180664
1000	222	3	47	1362.1836436846413	8.256756756756756	0.02098560333251953
1000	222	3	143	1309.919859555424	7.945945945945946	0.01964402198791504
1000	222	3	101	1289.7463959507581	7.878378378378378	0.01955580711364746
1000	222	3	81	1340.7015763715458	8.00900900900901	0.01969599723815918
1000	222	3	126	1358.1407601394594	8.247747747747749	0.02091836929321289
1000	222	3	105	1329.0777704520442	8.153153153153154	0.020485401153564453
1000	222	3	21	1325.1949298685977	8.103603603603604	0.02024078369140625
1000	222	3	147	1341.7577389042226	8.108108108108109	0.020486116409301758
1000	222	3	136	1293.4648524277934	7.941441441441442	0.0198211669921875
1000	222	3	137	1330.824419771697	8.117117117117116	0.0205690860748291
1000	222	3	118	1309.9738763543992	7.936936936936937	0.018931865692138672
1000	222	3	55	1341.3303799226107	8.103603603603604	0.020077228546142578
1000	222	3	166	1359.9272388743468	8.23873873873874	0.02074742317199707
1000	222	3	199	1326.0451710333493	8.135135135135135	0.020796537399291992
1000	222	3	28	1330.5158527871545	8.153153153153154	0.02050185203552246
1000	222	3	148	1321.5271424733173	8.135135135135135	0.020507335662841797
1000	222	3	67	1323.9179202889654	8.112612612612613	0.02030777931213379
1000	222	3	120	1309.5832466460422	7.95045045045045	0.019486427307128906
1000	222	3	10	1307.6013214895743	8.022522522522523	0.022020816802978516
1000	222	3	25	1308.6861993873633	7.95945945945946	0.01972794532775879
1000	222	3	135	1310.9118556013427	7.873873873873874	0.019153833389282227
1000	222	3	29	1322.176128673382	8.112612612612613	0.02017807960510254
1000	222	3	54	1310.0385897863323	7.963963963963964	0.019300460815429688
1000	222	3	78	1293.7646828351549	7.882882882882883	0.0196378231048584
1000	222	3	11	1336.1851464547597	8.054054054054054	0.019556045532226562
1000	222	3	110	1348.9041741366163	8.013513513513514	0.019492387771606445
1000	222	3	95	1310.5041880773329	7.945945945945946	0.019512176513671875
1000	222	3	150	1326.1240841328217	8.121621621621621	0.020328998565673828
1000	222	3	122	1313.6947491782703	8.054054054054054	0.019985198974609375
1000	222	3	53	1313.6584469186428	8.08108108108108	0.020105361938476562
1000	222	3	34	1322.7694616163974	8.00900900900901	0.021015644073486328
1000	222	3	179	1321.3749299903764	8.094594594594595	0.019724607467651367
1000	222	3	174	1297.1892789154945	7.941441441441442	0.01947331428527832
1000	222	3	191	1335.8892168181749	8.04954954954955	0.020134449005126953
1000	222	3	124	1327.6789424112515	8.126126126126126	0.01996135711669922
1000	222	3	102	1338.074882400213	8.108108108108109	0.020446062088012695
1000	222	3	63	1318.5679202844478	7.900900900900901	0.021247386932373047
1000	222	3	65	1314.631815206095	8.108108108108109	0.021640300750732422
1000	222	3	62	1306.1106692087958	7.986486486486487	0.021466493606567383
1000	222	3	90	1304.7876916067908	7.896396396396397	0.01964569091796875
1000	222	3	35	1325.3671188416117	7.941441441441442	0.019148826599121094
1000	222	3	41	1337.9599059411414	8.013513513513514	0.01981973648071289
1000	222	3	94	1378.632701753957	8.342342342342342	0.021661996841430664
1000	222	3	19	1325.56085748512	8.09009009009009	0.02042222023010254
1000	222	3	114	1321.1569002203437	8.004504504504505	0.020047903060913086
1000	222	3	152	1330.9531975777245	8.018018018018019	0.019532203674316406
1000	222	3	9	1336.4854474587669	8.076576576576576	0.02160811424255371
1000	222	3	20	1314.3085329225273	7.927927927927928	0.019326210021972656
1000	222	3	58	1324.6507000543927	8.202702702702704	0.020612478256225586
1000	222	3	14	1312.1983077911598	7.86036036036036	0.019552230834960938
1000	222	3	157	1323.5438804795654	8.04054054054054	0.019832134246826172
1000	222	3	13	1359.1099450738086	8.13063063063063	0.020310401916503906
1000	222	3	128	1334.153581960994	8.216216216216216	0.02052783966064453
1000	222	3	84	1300.8565374994587	7.86936936936937	0.01976752281188965
1000	222	3	190	1339.6555662958606	8.202702702702704	0.02106451988220215
1000	222	3	164	1324.1595348968665	8.036036036036036	0.019781827926635742
1000	222	3	194	1333.0308466366062	8.157657657657658	0.021363258361816406
1000	222	3	6	1331.7675271728122	8.094594594594595	0.02062535285949707
1000	222	3	92	1348.9957743172636	8.202702702702704	0.020596742630004883
1000	222	3	184	1321.9013799042475	8.162162162162161	0.021260976791381836
1000	222	3	134	1296.1817920414412	8.135135135135135	0.020200014114379883
1000	222	3	159	1347.6292157941696	8.387387387387387	0.021831750869750977
1000	222	3	72	1322.9592283280758	8.08108108108108	0.021022558212280273
1000	222	3	86	1295.500747312138	7.972972972972973	0.021828889846801758
1000	222	3	12	1341.1883182676777	8.14864864864865	0.02291584014892578
1000	222	3	198	1294.0921565656631	7.81981981981982	0.01951456069946289
1000	222	3	18	1369.9705153261923	8.265765765765765	0.021154165267944336
1000	222	3	119	1337.8512091987438	8.207207207207206	0.020339250564575195
1000	222	3	24	1338.8663874530475	8.094594594594595	0.020635128021240234
1000	222	3	38	1346.363008278544	8.211711711711711	0.021475553512573242
1000	222	3	103	1298.7218684744357	7.792792792792793	0.0191190242767334
1000	222	3	36	1298.7834138079747	7.945945945945946	0.01925945281982422
1000	222	3	131	1294.0154718691217	7.851351351351352	0.01897144317626953
1000	222	3	8	1315.5187951268135	7.9774774774774775	0.020525693893432617
1000	222	3	96	1313.9011141139852	8.072072072072071	0.020503759384155273
1000	222	3	178	1355.9009006071715	8.13063063063063	0.020865440368652344
1000	222	3	3	1328.0249773219384	8.234234234234235	0.023242712020874023
1000	222	3	17	1324.4735427339083	8.00900900900901	0.020304441452026367
1000	222	3	75	1338.114731415257	8.166666666666666	0.021048307418823242
1000	222	3	127	1331.9726356600193	8.175675675675675	0.020575284957885742
1000	222	3	39	1308.3241006198248	7.936936936936937	0.0192258358001709
1000	222	3	185	1366.6616682458011	8.31981981981982	0.021186351776123047
1000	222	3	87	1352.1298900697527	8.072072072072071	0.020137310028076172
