1000	14	3	1	114.33828804643757	8.857142857142858	 0.923917293548584 
1000	14	3	14	106.31370849898475	7.928571428571429	 0.7127556800842285 
1000	14	3	15	111.55634918610403	8.428571428571429	 0.9605088233947754 
1000	14	3	11	110.0457593065536	8.285714285714286	 0.7709517478942871 
1000	14	3	12	111.50573217548035	8.857142857142858	 0.9857244491577148 
1000	14	3	42	107.38890505706127	7.928571428571429	 0.5728442668914795 
1000	14	3	41	116.97056274847712	8.857142857142858	 0.658768892288208 
1000	14	3	27	113.72792206135784	8.5	 0.5529747009277344 
1000	14	3	4	113.07106781186548	8.285714285714286	 0.7881958484649658 
1000	14	3	5	114.89949493661166	8.5	 0.8760364055633545 
1000	14	3	43	96.21733218180744	7.214285714285714	 1.615523099899292 
1000	14	3	40	114.89949493661165	8.5	 1.6486332416534424 
1000	14	3	38	122.45584412271567	9.5	 0.6312875747680664 
1000	14	3	35	99.65685424949237	7.285714285714286	 0.6328017711639404 
1000	14	3	36	112.12095586463013	8.357142857142858	 0.6385695934295654 
1000	14	3	25	99.04575930655363	7.5	 0.5555377006530762 
1000	14	3	33	114.07106781186546	8.357142857142858	 0.5722484588623047 
1000	14	3	32	104.31370849898475	7.785714285714286	 0.6308434009552002 
1000	14	3	30	99.07106781186548	7.285714285714286	 0.6391861438751221 
1000	14	3	28	109.55634918610401	8.285714285714286	 0.6753213405609131 
1000	14	3	61	104.0	7.428571428571429	 0.5038084983825684 
1000	14	3	23	104.48528137423855	7.714285714285714	 0.7368738651275635 
1000	14	3	58	113.31370849898474	8.428571428571429	 0.547574520111084 
1000	14	3	49	112.65685424949237	8.214285714285714	 0.5483198165893555 
1000	14	3	59	105.04575930655362	8.071428571428571	 0.5914087295532227 
1000	14	3	52	89.07106781186548	6.571428571428571	 0.5953912734985352 
1000	14	3	56	104.07033885400645	8.214285714285714	 0.5995941162109375 
1000	14	3	46	112.48455241637953	8.857142857142858	 0.5728340148925781 
1000	14	3	50	103.24264068711929	7.5	 0.6680591106414795 
1000	14	3	44	114.48528137423855	8.428571428571429	 0.7313132286071777 
1000	14	3	22	112.43879310982591	8.428571428571429	 0.7907459735870361 
1000	14	3	55	110.89949493661165	8.214285714285714	 0.779465913772583 
1000	14	3	57	98.65685424949237	7.214285714285714	 1.0460569858551025 
1000	14	3	51	109.89949493661166	8.142857142857142	 1.1423070430755615 
1000	14	3	7	104.65685424949237	7.642857142857143	 0.739966869354248 
1000	14	3	26	100.65685424949238	7.357142857142857	 0.7880525588989258 
1000	14	3	9	110.07106781186546	8.071428571428571	 0.9466173648834229 
1000	14	3	20	104.65685424949237	7.642857142857143	 0.6908626556396484 
1000	14	3	65	98.65685424949237	7.214285714285714	 0.6525154113769531 
1000	14	3	18	116.3847763108502	8.857142857142858	 1.4450433254241943 
1000	14	3	99	118.2883999936729	9.0	 0.5294759273529053 
1000	14	3	83	107.80311861943434	8.0	 0.5414631366729736 
1000	14	3	86	109.07106781186546	8.0	 0.5595624446868896 
1000	14	3	100	109.48528137423855	8.071428571428571	 0.5623745918273926 
1000	14	3	84	105.65685424949237	7.714285714285714	 0.5858862400054932 
1000	14	3	85	94.72792206135783	7.142857142857143	 0.6312298774719238 
1000	14	3	91	102.38890505706125	7.571428571428571	 0.6556503772735596 
1000	14	3	90	107.28839999367291	8.214285714285714	 0.6756510734558105 
1000	14	3	80	124.07106781186548	9.071428571428571	 0.5117325782775879 
1000	14	3	76	111.65685424949238	8.142857142857142	 0.5325613021850586 
1000	14	3	82	103.55634918610403	7.857142857142857	 0.5358281135559082 
1000	14	3	71	88.2672202345721	7.5	 0.5831818580627441 
1000	14	3	8	115.04575930655362	8.642857142857142	 5.99380087852478 
1000	14	3	78	100.24264068711928	7.285714285714286	 0.6079800128936768 
1000	14	3	69	96.48528137423855	7.142857142857143	 0.6828358173370361 
1000	14	3	81	107.70261355604599	8.285714285714286	 0.711350679397583 
1000	14	3	75	111.48528137423857	8.214285714285714	 0.7627048492431641 
1000	14	3	77	99.2132034355964	7.714285714285714	 0.7728734016418457 
1000	14	3	79	119.07106781186548	8.714285714285714	 0.7824952602386475 
1000	14	3	70	99.48528137423855	7.357142857142857	 0.7827379703521729 
1000	14	3	74	116.24264068711928	8.428571428571429	 0.8226592540740967 
1000	14	3	67	116.31370849898474	8.642857142857142	 0.8315083980560303 
1000	14	3	72	110.31370849898475	8.214285714285714	 1.0974020957946777 
1000	14	3	97	101.89949493661165	7.571428571428571	 1.7550103664398193 
1000	14	3	48	112.89949493661166	8.357142857142858	 6.9953577518463135 
1000	14	3	111	110.31370849898474	8.214285714285714	 0.613304615020752 
1000	14	3	104	104.14213562373094	7.857142857142857	 0.6685972213745117 
1000	14	3	103	98.89949493661166	7.357142857142857	 0.6764059066772461 
1000	14	3	105	112.97056274847712	8.571428571428571	 0.6842880249023438 
1000	14	3	107	110.82842712474618	8.0	 0.7433772087097168 
1000	14	3	31	103.77781011412252	7.928571428571429	 7.782856225967407 
1000	14	3	101	104.65685424949238	7.642857142857143	 0.602872371673584 
1000	14	3	113	113.07106781186546	8.285714285714286	 0.6763403415679932 
1000	14	3	116	115.09151861310725	9.071428571428571	 0.7831296920776367 
1000	14	3	110	118.38477631085021	9.0	 3.178234100341797 
1000	14	3	133	114.48528137423857	8.428571428571429	 0.53257155418396 
1000	14	3	135	104.97469149468816	7.714285714285714	 0.5738868713378906 
1000	14	3	120	101.82842712474618	7.357142857142857	 0.5743777751922607 
1000	14	3	121	108.07106781186548	7.928571428571429	 0.574610710144043 
1000	14	3	126	108.55634918610403	8.214285714285714	 0.5752284526824951 
1000	14	3	128	113.65685424949237	8.285714285714286	 0.5899269580841064 
1000	14	3	123	120.04575930655362	9.0	 0.6041409969329834 
1000	14	3	118	111.89949493661166	8.285714285714286	 0.6278231143951416 
1000	14	3	132	109.80311861943434	8.142857142857142	 0.5276732444763184 
1000	14	3	129	110.89949493661165	8.214285714285714	 0.7225339412689209 
1000	14	3	34	99.72792206135783	7.5	 10.863544702529907 
1000	14	3	119	101.68143379694521	7.785714285714286	 0.906221866607666 
1000	14	3	109	96.89949493661165	7.214285714285714	 4.9387829303741455 
1000	14	3	60	102.31370849898474	7.642857142857143	 12.561854600906372 
1000	14	3	153	97.17084391739479	7.428571428571429	 0.5527329444885254 
1000	14	3	141	107.48528137423855	7.928571428571429	 0.5944581031799316 
1000	14	3	144	82.702613556046	6.5	 0.6380167007446289 
1000	14	3	152	111.28839999367291	8.5	 1.3454344272613525 
1000	14	3	155	110.07106781186548	8.071428571428571	 0.7363049983978271 
1000	14	3	140	108.14213562373094	8.142857142857142	 0.7573227882385254 
1000	14	3	146	107.65685424949237	7.857142857142857	 0.7580916881561279 
1000	14	3	156	110.92407448406448	8.571428571428571	 0.7827482223510742 
1000	14	3	136	110.07106781186546	8.071428571428571	 0.8873691558837891 
1000	14	3	138	114.09564735931828	9.0	 0.9141740798950195 
1000	14	3	66	105.97469149468814	7.785714285714286	 11.027927160263062 
1000	14	3	164	102.24264068711928	7.428571428571429	 0.562375545501709 
1000	14	3	168	110.6274169979695	8.571428571428571	 0.5847961902618408 
1000	14	3	174	99.07106781186548	7.285714285714286	 0.6462399959564209 
1000	14	3	169	98.65685424949237	7.214285714285714	 0.6482830047607422 
1000	14	3	172	111.45997286892671	8.428571428571429	 0.5480895042419434 
1000	14	3	165	108.29179978202491	8.571428571428571	 0.6798224449157715 
1000	14	3	162	105.70261355604599	8.142857142857142	 0.7310559749603271 
1000	14	3	160	101.94525424316527	8.0	 0.7533433437347412 
1000	14	3	163	110.53104068079219	8.571428571428571	 0.8105385303497314 
1000	14	3	170	105.29252873988393	7.785714285714286	 0.9410333633422852 
1000	14	3	161	104.89949493661165	7.785714285714286	 0.9563584327697754 
1000	14	3	62	108.65685424949237	7.928571428571429	 16.01041531562805 
1000	14	3	159	115.79898987322332	8.857142857142858	 3.190204620361328 
1000	14	3	175	104.65685424949237	7.642857142857143	 0.7937560081481934 
1000	14	3	142	111.07106781186546	8.142857142857142	 1.9090251922607422 
1000	14	3	87	113.28839999367291	8.642857142857142	 11.77298355102539 
1000	14	3	13	110.04575930655362	8.285714285714286	 20.817509651184082 
1000	14	3	149	112.31370849898475	8.357142857142858	 5.7146124839782715 
1000	14	3	37	109.82842712474618	7.928571428571429	 19.46289825439453 
1000	14	3	199	99.48528137423857	7.357142857142857	 0.5626099109649658 
1000	14	3	191	104.65685424949237	7.642857142857143	 0.729917049407959 
1000	14	3	195	111.53444046914419	8.928571428571429	 0.7304236888885498 
1000	14	3	180	106.62741699796949	8.285714285714286	 0.6219642162322998 
1000	14	3	178	108.55634918610403	8.214285714285714	 0.6236691474914551 
1000	14	3	190	108.14213562373094	8.142857142857142	 0.6303017139434814 
1000	14	3	188	107.31370849898474	8.0	 0.6309323310852051 
1000	14	3	189	110.48528137423857	8.142857142857142	 0.6312446594238281 
1000	14	3	176	115.2132034355964	8.857142857142858	 0.6342077255249023 
1000	14	3	183	107.31370849898475	8.0	 0.6717655658721924 
1000	14	3	182	104.80311861943434	7.785714285714286	 0.6773312091827393 
1000	14	3	194	121.65685424949237	8.857142857142858	 0.8686859607696533 
1000	14	3	177	112.48528137423855	8.285714285714286	 0.8306264877319336 
1000	14	3	187	99.72792206135784	7.5	 0.8333675861358643 
1000	14	3	108	101.07106781186546	7.428571428571429	 13.723616361618042 
1000	14	3	145	120.65685424949237	8.785714285714286	 9.32982063293457 
1000	14	3	21	119.41421356237309	8.571428571428571	 22.228715896606445 
1000	14	3	115	122.82842712474618	8.857142857142858	 13.201991319656372 
1000	14	3	124	108.8023896615753	8.642857142857142	 12.819291591644287 
1000	14	3	89	106.55634918610401	8.071428571428571	 18.61608123779297 
1000	14	3	39	111.41421356237309	8.0	 23.587639808654785 
1000	14	3	148	112.89949493661165	8.357142857142858	 11.703171491622925 
1000	14	3	192	108.14213562373094	8.142857142857142	 6.8212668895721436 
1000	14	3	45	122.48528137423857	9.0	 28.870763778686523 
1000	14	3	122	108.80311861943434	8.071428571428571	 19.57274889945984 
1000	14	3	171	116.07106781186548	8.5	 16.153600692749023 
1000	14	3	158	112.07106781186548	8.214285714285714	 13.73750615119934 
1000	14	3	198	116.82842712474618	8.428571428571429	 10.745850801467896 
1000	14	3	0	114.36359655174941	8.642857142857142	 34.63661003112793 
1000	14	3	154	114.36359655174942	8.642857142857142	 19.05307126045227 
1000	14	3	193	117.04575930655362	8.785714285714286	 12.32973599433899 
1000	14	3	63	116.2132034355964	8.928571428571429	 32.392449140548706 
1000	14	3	54	106.31370849898474	7.928571428571429	 32.396923542022705 
1000	14	3	47	119.53516942700324	9.071428571428571	 32.48331022262573 
1000	14	3	53	106.07106781186546	7.785714285714286	 32.676490783691406 
1000	14	3	106	112.31370849898474	8.357142857142858	 26.740962743759155 
1000	14	3	29	102.14213562373092	7.714285714285714	 34.13637089729309 
1000	14	3	24	109.38890505706124	8.071428571428571	 34.336551666259766 
1000	14	3	19	99.14213562373094	7.5	 32.45641279220581 
1000	14	3	64	110.48528137423855	8.142857142857142	 32.300596714019775 
1000	14	3	2	113.24264068711928	8.214285714285714	 39.66205549240112 
1000	14	3	16	102.41421356237309	7.357142857142857	 39.13190722465515 
1000	14	3	3	78.70674230225703	6.071428571428571	 40.10430550575256 
1000	14	3	88	104.70674230225703	7.785714285714286	 30.83828639984131 
1000	14	3	173	113.24264068711928	8.214285714285714	 23.22934889793396 
1000	14	3	93	100.72792206135784	7.571428571428571	 32.25689506530762 
1000	14	3	95	113.41421356237309	8.142857142857142	 32.31604504585266 
1000	14	3	98	107.82842712474618	7.785714285714286	 32.37175798416138 
1000	14	3	96	113.41421356237309	8.142857142857142	 32.43560838699341 
1000	14	3	92	108.38890505706125	8.0	 32.47490954399109 
1000	14	3	94	111.41421356237309	8.0	 32.5159912109375 
1000	14	3	10	115.31370849898474	8.571428571428571	 40.78587007522583 
1000	14	3	68	112.24264068711928	8.142857142857142	 32.7892210483551 
1000	14	3	6	94.65685424949237	6.928571428571429	 38.42351031303406 
1000	14	3	73	101.07106781186546	7.428571428571429	 33.504417181015015 
1000	14	3	130	113.65685424949238	8.285714285714286	 29.68498659133911 
1000	14	3	102	113.21733218180744	8.428571428571429	 32.78819251060486 
1000	14	3	185	109.24264068711928	7.928571428571429	 20.542654514312744 
1000	14	3	17	112.45584412271567	8.785714285714286	 41.458331823349 
1000	14	3	112	99.55634918610404	7.571428571428571	 32.36752104759216 
1000	14	3	114	122.72792206135784	9.142857142857142	 32.582282066345215 
1000	14	3	134	105.94525424316528	8.285714285714286	 32.20565319061279 
1000	14	3	127	102.07106781186546	7.5	 32.337486743927 
1000	14	3	125	108.48528137423855	8.0	 32.37983179092407 
1000	14	3	151	115.38477631085021	8.785714285714286	 30.104661226272583 
1000	14	3	131	92.0	6.571428571428571	 32.42676854133606 
1000	14	3	117	99.82842712474618	7.214285714285714	 33.366084575653076 
1000	14	3	157	102.82842712474618	7.428571428571429	 32.760189056396484 
1000	14	3	147	110.29179978202492	8.714285714285714	 32.893433570861816 
1000	14	3	167	108.24264068711928	7.857142857142857	 32.3701696395874 
1000	14	3	166	112.92407448406448	8.714285714285714	 32.78002071380615 
1000	14	3	143	114.31370849898474	8.5	 33.895153760910034 
1000	14	3	139	109.41421356237309	7.857142857142857	 33.984907150268555 
1000	14	3	150	115.2672202345721	8.714285714285714	 37.397218227386475 
1000	14	3	184	107.97056274847714	8.214285714285714	 32.365994453430176 
1000	14	3	186	118.41421356237309	8.5	 32.3917031288147 
1000	14	3	196	104.3847763108502	8.0	 32.65183663368225 
1000	14	3	197	110.48528137423855	8.142857142857142	 32.686949491500854 
1000	14	3	181	104.89949493661165	7.785714285714286	 32.89995050430298 
1000	14	3	179	106.48528137423857	7.857142857142857	 33.02167868614197 
1000	14	3	137	113.31370849898475	8.428571428571429	 44.03376364707947 
