1000	170	3	132	932.0329694510323	9.123529411764705	 19.828430891036987 
1000	170	3	71	895.3320845641796	8.470588235294118	 22.139541387557983 
1000	170	3	116	942.4580124049706	8.911764705882353	 14.983202695846558 
1000	170	3	26	947.0752520677994	8.852941176470589	 22.593869924545288 
1000	170	3	34	924.3488341301432	9.029411764705882	 28.9767484664917 
1000	170	3	121	955.7162063141153	8.670588235294117	 16.419752836227417 
1000	170	3	170	977.9757550501723	8.841176470588236	 13.825701713562012 
1000	170	3	133	930.6953681611609	8.758823529411766	 23.669066429138184 
1000	170	3	123	923.6318360661056	9.31764705882353	 49.7951819896698 
1000	170	3	31	945.3874945335403	9.435294117647059	 24.606149911880493 
1000	170	3	111	936.9492430996468	9.25294117647059	 60.88776779174805 
1000	170	3	91	949.2048682359	8.5	 36.137473583221436 
1000	170	3	80	941.3898431877295	8.652941176470588	 12.157828569412231 
1000	170	3	50	954.9521181597494	8.68235294117647	 31.44953942298889 
1000	170	3	51	931.2448635318473	8.958823529411765	 69.96849226951599 
1000	170	3	49	938.9664709248455	9.141176470588235	 30.27160358428955 
1000	170	3	43	920.4509018679303	9.276470588235295	 79.80507302284241 
1000	170	3	79	966.9967187622616	8.729411764705882	 72.76212644577026 
1000	170	3	76	961.8695746077098	8.66470588235294	 13.367425203323364 
1000	170	3	153	952.4747939028744	9.052941176470588	 58.20152139663696 
1000	170	3	16	933.0314987923632	8.929411764705883	 24.30209231376648 
1000	170	3	56	937.5212514340702	8.18235294117647	 31.475120067596436 
1000	170	3	189	938.9116580120299	8.541176470588235	 45.13609218597412 
1000	170	3	163	951.3330496002166	9.041176470588235	 20.25508165359497 
1000	170	3	89	911.9990757223084	8.276470588235295	 24.647375106811523 
1000	170	3	172	920.1881875237297	9.329411764705883	 31.615708112716675 
1000	170	3	23	924.5357521794942	8.41764705882353	 85.03166365623474 
1000	170	3	112	943.5637175179629	8.888235294117647	 47.46210169792175 
1000	170	3	108	934.2949340576171	8.529411764705882	 28.115232467651367 
1000	170	3	169	945.856554484909	9.005882352941176	 32.38020443916321 
1000	170	3	82	959.8359476943209	9.282352941176471	 19.004825115203857 
1000	170	3	45	916.7178623808377	8.98235294117647	 15.850750923156738 
1000	170	3	60	929.3384008726779	8.58235294117647	 30.210997104644775 
1000	170	3	146	955.4182777050479	8.694117647058823	 73.74394750595093 
1000	170	3	158	922.0536293876078	8.9	 17.78060269355774 
1000	170	3	5	943.6343930088899	8.723529411764705	 38.0130774974823 
1000	170	3	107	933.1719278657145	9.147058823529411	 138.28010845184326 
1000	170	3	149	918.8888900679234	9.141176470588235	 48.93218660354614 
1000	170	3	176	959.0610405092701	8.294117647058824	 13.23274850845337 
1000	170	3	138	930.2580923855885	8.7	 50.2554612159729 
1000	170	3	117	903.9556398016549	8.33529411764706	 21.505199909210205 
1000	170	3	66	939.7701186155283	9.135294117647058	 28.835952281951904 
1000	170	3	141	919.1400247941789	8.688235294117646	 54.75577902793884 
1000	170	3	27	959.4017274182877	9.094117647058823	 19.379159212112427 
1000	170	3	109	927.2045044998284	8.958823529411765	 12.642155408859253 
1000	170	3	100	972.9255902054335	8.623529411764705	 27.4605233669281 
1000	170	3	7	942.4072762960769	8.16470588235294	 65.58766579627991 
1000	170	3	97	950.704184308288	8.694117647058823	 58.67008876800537 
1000	170	3	37	960.6651481802463	8.758823529411766	 133.7565097808838 
1000	170	3	73	965.0009460210533	8.576470588235294	 90.0523796081543 
1000	170	3	125	938.4559310307509	8.894117647058824	 23.38429546356201 
1000	170	3	173	912.4034586068998	9.264705882352942	 126.62995624542236 
1000	170	3	127	929.4582397576572	9.16470588235294	 17.922563314437866 
1000	170	3	115	949.1442722975171	8.711764705882352	 16.527453184127808 
1000	170	3	182	939.5592982283958	9.235294117647058	 25.31680727005005 
1000	170	3	197	953.5433516060076	8.629411764705882	 47.61375451087952 
1000	170	3	15	922.7537407963642	8.758823529411766	 34.37939095497131 
1000	170	3	168	924.4700430921065	9.329411764705883	 23.12199068069458 
1000	170	3	22	942.8311317243462	8.770588235294118	 134.5682327747345 
1000	170	3	193	950.4851051850661	8.523529411764706	 29.731398105621338 
1000	170	3	33	923.7646053972691	8.788235294117648	 218.3793694972992 
1000	170	3	144	949.167186440567	9.741176470588234	 121.36077189445496 
1000	170	3	104	947.898562634344	8.429411764705883	 20.535889387130737 
1000	170	3	77	938.0566958734778	8.476470588235294	 24.837491273880005 
1000	170	3	40	912.8960214682824	9.33529411764706	 161.22988390922546 
1000	170	3	59	950.694886092604	8.935294117647059	 30.617491722106934 
1000	170	3	75	943.5554238957532	8.952941176470588	 23.57343292236328 
1000	170	3	175	909.3062658126407	9.16470588235294	 34.34051728248596 
1000	170	3	162	950.1115574977207	8.823529411764707	 23.3097186088562 
1000	170	3	57	942.2182523079732	8.658823529411764	 23.342260599136353 
1000	170	3	88	918.9206946234334	8.864705882352942	 19.04712176322937 
1000	170	3	74	956.6909046041368	8.758823529411766	 38.34661293029785 
1000	170	3	85	929.9311208522407	8.811764705882354	 46.465341567993164 
1000	170	3	98	918.5379213314698	8.870588235294118	 62.12436366081238 
1000	170	3	99	924.5244689744851	9.364705882352942	 83.6764714717865 
1000	170	3	68	946.067989516952	8.81764705882353	 158.91792941093445 
1000	170	3	161	949.3533978111558	8.370588235294118	 39.779372215270996 
1000	170	3	44	965.7822926793717	9.0	 29.71236777305603 
1000	170	3	139	955.7409825090147	9.435294117647059	 68.85136103630066 
1000	170	3	93	920.6717828088158	9.047058823529412	 43.79802751541138 
1000	170	3	183	952.7236079942439	8.635294117647058	 35.383583307266235 
1000	170	3	83	927.6964808772818	8.864705882352942	 64.35174560546875 
1000	170	3	140	930.3715012265008	9.694117647058823	 48.84687638282776 
1000	170	3	42	935.5465140535042	9.094117647058823	 149.57301306724548 
1000	170	3	196	955.2269299919748	8.758823529411766	 18.57946228981018 
1000	170	3	2	915.0830107652711	9.064705882352941	 120.05995917320251 
1000	170	3	167	964.8347925816745	8.8	 45.792693853378296 
1000	170	3	151	960.5067475802647	8.964705882352941	 14.27989912033081 
1000	170	3	61	949.7439011746472	8.311764705882354	 24.674232244491577 
1000	170	3	32	920.6612984650076	9.441176470588236	 21.489530086517334 
1000	170	3	186	930.5704882691812	9.223529411764705	 60.46318340301514 
1000	170	3	13	961.271935311428	9.052941176470588	 32.11055111885071 
1000	170	3	0	929.7324435714733	9.211764705882352	 67.32723474502563 
1000	170	3	199	951.8811866722178	8.935294117647059	 38.28699326515198 
1000	170	3	1	919.9607487832657	9.352941176470589	 67.45349407196045 
1000	170	3	180	956.9251282551384	8.66470588235294	 171.22550415992737 
1000	170	3	64	950.9243241341926	8.841176470588236	 40.48440194129944 
1000	170	3	39	934.0161838777249	8.694117647058823	 33.67220425605774 
1000	170	3	192	950.9985901458533	9.011764705882353	 132.50581002235413 
1000	170	3	145	929.6406430441199	9.058823529411764	 123.53111410140991 
1000	170	3	156	935.6650457556404	8.776470588235295	 29.01873230934143 
1000	170	3	195	951.7126794654636	8.841176470588236	 13.823026657104492 
1000	170	3	69	938.4927407574995	8.282352941176471	 14.613835096359253 
1000	170	3	46	923.765286158434	9.058823529411764	 36.94389748573303 
1000	170	3	129	939.9614797651325	8.552941176470588	 22.283576011657715 
1000	170	3	106	945.3346484983902	8.694117647058823	 27.859731912612915 
1000	170	3	187	908.0158945763508	9.511764705882353	 31.627241849899292 
1000	170	3	160	936.3324304890567	8.323529411764707	 87.4408369064331 
1000	170	3	130	951.8566613330842	8.829411764705883	 76.5495240688324 
1000	170	3	188	957.0710022805858	8.888235294117647	 19.496204376220703 
1000	170	3	171	954.4331773932588	8.429411764705883	 16.88020086288452 
1000	170	3	78	933.8969271304499	8.358823529411765	 411.12208223342896 
1000	170	3	126	935.4015056542189	9.7	 18.955670833587646 
1000	170	3	155	949.3707155541341	8.476470588235294	 33.26057982444763 
1000	170	3	142	917.6275546953441	9.170588235294117	 78.89853954315186 
1000	170	3	81	942.1509350603288	8.647058823529411	 17.04162859916687 
1000	170	3	21	938.9366575085364	9.18235294117647	 32.38654065132141 
1000	170	3	165	935.2487761137971	8.758823529411766	 428.96551299095154 
1000	170	3	30	947.4779528751197	9.0	 28.900646209716797 
1000	170	3	55	964.7749312031075	9.011764705882353	 13.900074243545532 
1000	170	3	154	933.4497660489646	9.41764705882353	 238.4743299484253 
1000	170	3	47	969.3097250262716	9.047058823529412	 20.873079776763916 
1000	170	3	114	922.5102981933809	9.411764705882353	 24.628600358963013 
1000	170	3	143	955.1325193558183	8.74705882352941	 29.325024843215942 
1000	170	3	63	955.5998888069437	8.623529411764705	 14.010938882827759 
1000	170	3	174	939.3692555054286	8.611764705882353	 26.466949701309204 
1000	170	3	4	954.5027631282838	8.723529411764705	 202.31323766708374 
1000	170	3	118	956.6226731283423	8.641176470588235	 406.3000020980835 
1000	170	3	105	943.5198683499127	8.976470588235294	 411.63918948173523 
1000	170	3	67	937.2072551478667	9.0	 60.923089027404785 
1000	170	3	87	952.9223304238393	9.141176470588235	 414.2696430683136 
1000	170	3	53	921.6330998345649	9.452941176470588	 35.84203553199768 
1000	170	3	10	940.9447830221745	8.594117647058823	 130.82425713539124 
1000	170	3	54	942.4535146001457	8.852941176470589	 93.98855090141296 
1000	170	3	120	940.0941185316583	8.51764705882353	 69.74991822242737 
1000	170	3	136	931.4485669046036	8.41764705882353	 416.5885102748871 
1000	170	3	25	947.6035840051081	8.535294117647059	 50.32569599151611 
1000	170	3	166	954.8738061457284	8.711764705882352	 38.62889790534973 
1000	170	3	62	939.0802019989543	8.652941176470588	 415.863233089447 
1000	170	3	95	933.783670259806	8.594117647058823	 410.2129590511322 
1000	170	3	6	960.7734601693219	8.541176470588235	 60.35895872116089 
1000	170	3	12	940.5085356861106	8.858823529411765	 451.6004259586334 
1000	170	3	101	925.2861789509213	8.405882352941177	 502.1906158924103 
1000	170	3	148	935.6767357491954	8.68235294117647	 221.4917483329773 
1000	170	3	135	964.1160504021241	8.5	 415.5687837600708 
1000	170	3	179	951.4702622742676	9.035294117647059	 19.425390243530273 
1000	170	3	110	941.8805099788743	8.888235294117647	 416.6538243293762 
1000	170	3	41	918.1492022863614	9.33529411764706	 102.48787260055542 
1000	170	3	28	947.1245543866089	8.864705882352942	 329.4197278022766 
1000	170	3	185	942.0771887814167	9.594117647058823	 409.05967712402344 
1000	170	3	122	930.3288951855715	8.629411764705882	 35.86975932121277 
1000	170	3	29	933.2613291924862	9.058823529411764	 470.24575424194336 
1000	170	3	84	933.5776582286619	8.511764705882353	 410.20962262153625 
1000	170	3	52	929.6834441392019	8.876470588235295	 414.92303228378296 
1000	170	3	191	924.38252602998	8.758823529411766	 309.04680275917053 
1000	170	3	65	930.1199710814766	8.782352941176471	 412.63739490509033 
1000	170	3	194	955.176215992043	8.705882352941176	 28.816454648971558 
1000	170	3	102	946.8103456822431	8.864705882352942	 21.96423864364624 
1000	170	3	94	948.4158955614325	9.776470588235295	 36.44549083709717 
1000	170	3	124	952.2771213120488	9.047058823529412	 411.94024753570557 
1000	170	3	90	946.8363622798677	8.376470588235295	 412.79376697540283 
1000	170	3	14	909.2132800009103	8.7	 81.55597972869873 
1000	170	3	19	940.1790667749387	8.476470588235294	 164.98211789131165 
1000	170	3	150	937.796861770726	9.347058823529412	 125.64082455635071 
1000	170	3	72	930.1827478484222	8.941176470588236	 77.42514491081238 
1000	170	3	137	933.8685003985042	8.676470588235293	 31.990283966064453 
1000	170	3	198	931.8700575785236	8.588235294117647	 410.680780172348 
1000	170	3	58	948.777712262334	9.023529411764706	 410.02152609825134 
1000	170	3	18	959.8664536418376	9.152941176470588	 476.0182604789734 
1000	170	3	86	940.9020931741035	8.588235294117647	 410.8795506954193 
1000	170	3	184	956.253267874083	8.870588235294118	 166.2068314552307 
1000	170	3	11	947.8941009900302	8.994117647058824	 549.258415222168 
1000	170	3	128	949.7334385221277	9.135294117647058	 56.83482885360718 
1000	170	3	152	939.6892215062816	8.647058823529411	 70.15473079681396 
1000	170	3	92	933.0895312851087	9.129411764705882	 100.50698447227478 
1000	170	3	38	914.66969773592	9.605882352941176	 395.6380019187927 
1000	170	3	24	949.398928432307	8.852941176470589	 26.63317108154297 
1000	170	3	35	953.0018556401619	8.41764705882353	 25.349321603775024 
1000	170	3	9	944.7884336127646	8.888235294117647	 474.8665437698364 
1000	170	3	20	945.5536094970465	8.635294117647058	 478.58307361602783 
1000	170	3	157	947.6264114287769	8.676470588235293	 421.79732871055603 
1000	170	3	164	907.3409104498661	8.929411764705883	 426.12991881370544 
1000	170	3	190	954.6389251813979	9.023529411764706	 450.0404942035675 
1000	170	3	159	945.1915877327134	9.529411764705882	 406.5305440425873 
1000	170	3	134	947.5697848910371	8.788235294117648	 418.0419030189514 
1000	170	3	119	939.5739071891616	9.194117647058823	 406.115061044693 
1000	170	3	103	927.7072657353395	8.658823529411764	 353.9280037879944 
1000	170	3	113	942.554185508398	9.064705882352941	 430.8895592689514 
1000	170	3	96	927.6129608495861	9.029411764705882	 416.0294978618622 
1000	170	3	178	938.4926328991903	9.74705882352941	 403.5630729198456 
1000	170	3	36	933.0894381033585	8.529411764705882	 419.3865752220154 
1000	170	3	131	946.1649498105356	8.464705882352941	 418.25587725639343 
1000	170	3	48	933.5681128773057	9.058823529411764	 471.8877959251404 
1000	170	3	3	929.180247181893	9.241176470588234	 421.5759620666504 
1000	170	3	8	924.1830121002344	8.75294117647059	 471.57636618614197 
1000	170	3	17	907.342570575614	9.16470588235294	 539.8884799480438 
