1000	56	3	52	377.5130677802304	7.482142857142857	 2.3889927864074707 
1000	56	3	58	398.1618914043854	8.267857142857142	 2.855508327484131 
1000	56	3	57	377.3475655238218	7.892857142857143	 2.593228578567505 
1000	56	3	59	385.97201828446435	8.660714285714286	 3.55938982963562 
1000	56	3	51	384.5614979172773	8.071428571428571	 3.14662766456604 
1000	56	3	46	367.0470098731247	8.910714285714286	 4.3991615772247314 
1000	56	3	25	388.5340729238185	7.946428571428571	 2.4180448055267334 
1000	56	3	33	394.6612740228066	8.25	 3.5020906925201416 
1000	56	3	26	384.7671425955636	7.946428571428571	 2.8462884426116943 
1000	56	3	32	387.44003996187257	8.375	 4.323485374450684 
1000	56	3	86	395.29087789435323	8.035714285714286	 2.658757209777832 
1000	56	3	1	377.507707985386	8.285714285714286	 5.670586109161377 
1000	56	3	43	374.43641702096045	8.339285714285714	 5.174335718154907 
1000	56	3	78	369.27722666981515	7.482142857142857	 2.425469398498535 
1000	56	3	104	385.2928197669871	8.107142857142858	 2.481077194213867 
1000	56	3	80	409.15214205897416	8.392857142857142	 2.766677141189575 
1000	56	3	7	376.39405378823443	7.875	 4.066211700439453 
1000	56	3	77	382.3762689946122	7.982142857142857	 2.8604886531829834 
1000	56	3	71	350.36629649664087	7.535714285714286	 2.887718677520752 
1000	56	3	111	394.53374544855694	8.357142857142858	 3.2712011337280273 
1000	56	3	44	374.102479764945	8.267857142857142	 8.473798274993896 
1000	56	3	74	390.16700619828714	8.392857142857142	 3.4379491806030273 
1000	56	3	79	405.2821183111567	8.589285714285714	 3.715132236480713 
1000	56	3	107	372.3848139626462	8.035714285714286	 4.002073526382446 
1000	56	3	97	383.3222570185099	8.053571428571429	 4.178496837615967 
1000	56	3	132	389.35147111747256	8.267857142857142	 2.6282413005828857 
1000	56	3	123	397.57705596882863	8.553571428571429	 3.391855239868164 
1000	56	3	121	387.84818661992506	8.571428571428571	 3.7612013816833496 
1000	56	3	12	397.95720255104266	8.517857142857142	 11.427984952926636 
1000	56	3	5	395.3227628238088	8.321428571428571	 5.753857851028442 
1000	56	3	172	388.1056575090858	8.375	 3.1028943061828613 
1000	56	3	160	394.16284722932903	8.321428571428571	 2.614722490310669 
1000	56	3	170	397.4186333356873	8.303571428571429	 3.018536329269409 
1000	56	3	101	361.81725751541273	7.732142857142857	 3.9380722045898438 
1000	56	3	153	390.18012139477895	8.071428571428571	 3.136951208114624 
1000	56	3	161	382.10904876003997	8.035714285714286	 3.717073678970337 
1000	56	3	34	387.1660201505965	8.178571428571429	 5.949169874191284 
1000	56	3	140	382.0165379664497	8.553571428571429	 3.128918170928955 
1000	56	3	165	394.8362466864124	8.303571428571429	 3.596433401107788 
1000	56	3	116	401.71166788087015	8.607142857142858	 9.113448143005371 
1000	56	3	23	379.1407116452847	7.910714285714286	 15.232032299041748 
1000	56	3	133	384.4159625051944	7.75	 13.69669246673584 
1000	56	3	30	388.27236414287205	8.303571428571429	 21.696915864944458 
1000	56	3	37	397.58194871851913	8.5	 3.5543344020843506 
1000	56	3	156	401.14800848988983	8.303571428571429	 9.114082336425781 
1000	56	3	146	393.03753575140325	7.982142857142857	 9.444442987442017 
1000	56	3	191	387.53351858147244	7.821428571428571	 2.686412811279297 
1000	56	3	145	387.07716643675985	8.571428571428571	 3.005026340484619 
1000	56	3	177	408.09082359252005	8.5	 4.396808624267578 
1000	56	3	83	396.8812770351072	8.589285714285714	 4.515377044677734 
1000	56	3	105	397.3906539998825	8.071428571428571	 23.448299169540405 
1000	56	3	91	375.3755303910069	8.357142857142858	 2.520376205444336 
1000	56	3	39	377.50430819703405	8.035714285714286	 3.857524871826172 
1000	56	3	22	390.15481288946717	8.089285714285714	 29.800806045532227 
1000	56	3	31	406.62427801397376	8.232142857142858	 21.187034130096436 
1000	56	3	118	388.19377261931675	7.982142857142857	 2.8652148246765137 
1000	56	3	173	398.0190268227955	8.446428571428571	 3.781475782394409 
1000	56	3	73	393.6325657291427	8.285714285714286	 3.8253750801086426 
1000	56	3	16	389.9314100888145	7.857142857142857	 4.0001537799835205 
1000	56	3	114	408.20787757802367	8.928571428571429	 4.566296815872192 
1000	56	3	19	379.0572310865635	8.357142857142858	 5.645932674407959 
1000	56	3	125	386.5806340168037	8.75	 5.7800538539886475 
1000	56	3	9	381.98980196973736	8.5	 6.332035779953003 
1000	56	3	157	375.6537454882436	7.946428571428571	 3.4975903034210205 
1000	56	3	49	391.5931559796485	8.285714285714286	 2.942281723022461 
1000	56	3	189	384.94269982426266	8.357142857142858	 27.5611789226532 
1000	56	3	50	397.6079861816898	8.232142857142858	 55.62481904029846 
1000	56	3	130	393.52717273893734	8.321428571428571	 5.208139657974243 
1000	56	3	188	390.9260502939701	8.25	 3.713345766067505 
1000	56	3	68	396.70118957759973	8.517857142857142	 21.875196933746338 
1000	56	3	180	394.4617218117479	8.107142857142858	 39.459049701690674 
1000	56	3	87	399.2443896299405	8.107142857142858	 2.8661067485809326 
1000	56	3	40	384.02632738192517	8.446428571428571	 3.3303823471069336 
1000	56	3	56	395.3850322923331	8.303571428571429	 2.7892043590545654 
1000	56	3	122	379.51946958886145	8.25	 43.90430426597595 
1000	56	3	61	379.85548457287916	7.732142857142857	 6.522106170654297 
1000	56	3	112	384.8041386043965	8.142857142857142	 3.447990894317627 
1000	56	3	82	397.21664087574453	8.392857142857142	 5.045635223388672 
1000	56	3	60	368.5607689594183	7.892857142857143	 2.9559407234191895 
1000	56	3	76	391.1759926485679	8.089285714285714	 8.067047834396362 
1000	56	3	169	392.7406030416184	8.482142857142858	 5.076710224151611 
1000	56	3	144	370.51194105429863	7.982142857142857	 3.086292266845703 
1000	56	3	138	366.5059929798365	7.964285714285714	 3.4565958976745605 
1000	56	3	136	376.0190268227954	8.017857142857142	 3.6011714935302734 
1000	56	3	15	388.29694851319806	8.232142857142858	 5.199349880218506 
1000	56	3	141	384.4897011475529	8.232142857142858	 74.37716150283813 
1000	56	3	108	385.95453172054954	7.946428571428571	 3.2492074966430664 
1000	56	3	163	384.68585357025944	8.410714285714286	 9.923632144927979 
1000	56	3	89	378.9309079980401	8.107142857142858	 3.2377495765686035 
1000	56	3	149	387.66613172687664	7.982142857142857	 5.351181983947754 
1000	56	3	194	393.46026389603	8.339285714285714	 3.379920482635498 
1000	56	3	176	379.9581535531128	8.339285714285714	 4.300122261047363 
1000	56	3	115	412.1015250483505	8.339285714285714	 3.2379190921783447 
1000	56	3	148	403.40793187985673	8.535714285714286	 3.6277389526367188 
1000	56	3	190	408.3874810786149	8.5	 5.9209983348846436 
1000	56	3	113	396.60725722383097	8.428571428571429	 26.41353440284729 
1000	56	3	62	373.8438650750572	8.303571428571429	 24.47645330429077 
1000	56	3	66	392.41523354733533	8.142857142857142	 80.49564814567566 
1000	56	3	94	393.2903709807054	8.607142857142858	 3.463660478591919 
1000	56	3	158	387.4193622935463	8.017857142857142	 8.835473775863647 
1000	56	3	102	396.33273532178043	8.464285714285714	 2.9989209175109863 
1000	56	3	21	402.236359004603	8.428571428571429	 3.9195656776428223 
1000	56	3	193	395.20107800131973	8.446428571428571	 9.065773963928223 
1000	56	3	95	366.91366405533734	8.285714285714286	 10.394782066345215 
1000	56	3	106	398.53618941196555	8.267857142857142	 12.76964783668518 
1000	56	3	45	390.3528841787904	8.625	 9.57740330696106 
1000	56	3	29	379.4573093044494	8.285714285714286	 4.312819719314575 
1000	56	3	151	398.8391964551198	8.446428571428571	 3.768239736557007 
1000	56	3	134	394.3884671263055	8.446428571428571	 81.83385944366455 
1000	56	3	117	357.6688025573695	7.696428571428571	 7.332993507385254 
1000	56	3	2	402.52961670234595	8.464285714285714	 5.151923179626465 
1000	56	3	42	403.84818290540073	8.428571428571429	 128.0104353427887 
1000	56	3	27	399.3818944166861	8.660714285714286	 126.90257000923157 
1000	56	3	143	386.9208906071311	8.678571428571429	 9.131320476531982 
1000	56	3	197	379.23245230260324	8.446428571428571	 4.897892236709595 
1000	56	3	181	385.5819222102963	8.607142857142858	 4.7284181118011475 
1000	56	3	100	394.450518265143	8.607142857142858	 128.21751976013184 
1000	56	3	90	376.0747586273207	8.071428571428571	 128.70155787467957 
1000	56	3	81	398.77955905694364	7.946428571428571	 128.8254930973053 
1000	56	3	129	371.81407494839874	8.035714285714286	 127.35644030570984 
1000	56	3	103	390.9664679395377	8.107142857142858	 130.18477177619934 
1000	56	3	70	381.4179043778283	8.232142857142858	 129.11716532707214 
1000	56	3	120	380.7763861356762	8.107142857142858	 129.28803610801697 
1000	56	3	69	363.47144093441204	7.767857142857143	 131.55663013458252 
1000	56	3	38	398.6043111696479	9.0	 138.28723454475403 
1000	56	3	55	402.5327896236134	8.232142857142858	 127.44821000099182 
1000	56	3	135	379.1336331303662	7.875	 129.61845421791077 
1000	56	3	6	396.62672197738215	8.285714285714286	 11.6802818775177 
1000	56	3	109	392.3421923687066	8.428571428571429	 131.25727677345276 
1000	56	3	174	373.59093516880006	7.821428571428571	 132.0297155380249 
1000	56	3	168	381.67351476032496	9.035714285714286	 132.45241832733154 
1000	56	3	11	392.74442980506035	8.482142857142858	 50.946232080459595 
1000	56	3	162	399.4507414177031	8.357142857142858	 132.90600681304932 
1000	56	3	99	398.5943338488031	8.857142857142858	 76.07054901123047 
1000	56	3	164	377.8350374861616	8.035714285714286	 135.77561950683594 
1000	56	3	195	381.12270852197565	8.267857142857142	 127.33640623092651 
1000	56	3	110	402.5802337129696	8.392857142857142	 130.8196029663086 
1000	56	3	183	398.55707576423214	8.660714285714286	 127.42265462875366 
1000	56	3	187	390.9771693953683	7.839285714285714	 127.53478503227234 
1000	56	3	155	405.729671004179	8.285714285714286	 135.74013924598694 
1000	56	3	182	373.45270513871975	7.732142857142857	 129.22723960876465 
1000	56	3	152	393.39767079792426	8.660714285714286	 138.87075066566467 
1000	56	3	127	391.8260473213564	8.0	 118.5238790512085 
1000	56	3	48	393.0255995324151	8.339285714285714	 151.93728256225586 
1000	56	3	171	387.3529290331906	8.053571428571429	 136.075115442276 
1000	56	3	92	376.1148925118007	8.017857142857142	 128.55166625976562 
1000	56	3	96	403.8978440910809	8.267857142857142	 128.23493814468384 
1000	56	3	175	367.3874810786148	7.625	 131.2941689491272 
1000	56	3	98	384.6873114859773	8.017857142857142	 132.49392580986023 
1000	56	3	185	399.2944997269163	8.5	 127.53765392303467 
1000	56	3	154	394.9871456078641	8.5	 136.37198853492737 
1000	56	3	14	402.1058806616459	8.571428571428571	 174.02904605865479 
1000	56	3	139	401.83357103304604	8.303571428571429	 133.36963891983032 
1000	56	3	4	390.3747977186235	8.232142857142858	 179.16789650917053 
1000	56	3	199	389.9657389816789	8.053571428571429	 125.8707013130188 
1000	56	3	47	398.13489811627136	8.517857142857142	 154.71334290504456 
1000	56	3	54	396.4945588516227	8.160714285714286	 129.1552004814148 
1000	56	3	41	388.53981606740194	8.428571428571429	 129.09456515312195 
1000	56	3	65	382.7542505516318	8.0	 128.4344127178192 
1000	56	3	84	375.4879861420031	7.910714285714286	 127.60240769386292 
1000	56	3	85	383.37093587102385	7.910714285714286	 127.91367244720459 
1000	56	3	75	385.13245415286264	8.303571428571429	 131.61936902999878 
1000	56	3	88	375.7954045136928	8.196428571428571	 102.76891422271729 
1000	56	3	64	399.08617939526374	8.321428571428571	 97.64267945289612 
1000	56	3	128	407.6291659407907	8.428571428571429	 130.89324951171875 
1000	56	3	119	375.947230053071	8.035714285714286	 130.3251383304596 
1000	56	3	67	389.79512193136856	8.303571428571429	 133.4760766029358 
1000	56	3	126	394.5809626708286	8.178571428571429	 131.5477273464203 
1000	56	3	36	379.9749776989183	8.196428571428571	 136.6046416759491 
1000	56	3	150	401.9634673852081	9.178571428571429	 156.5086464881897 
1000	56	3	192	389.9326181807163	8.410714285714286	 129.58093857765198 
1000	56	3	17	378.21590820336104	7.910714285714286	 172.1302773952484 
1000	56	3	159	412.68852440075256	9.017857142857142	 135.30373120307922 
1000	56	3	18	396.72843513267236	8.767857142857142	 174.72645616531372 
1000	56	3	0	386.60214614445374	8.303571428571429	 187.64685797691345 
1000	56	3	124	392.13096601439753	8.392857142857142	 132.76089000701904 
1000	56	3	198	378.951358799282	8.303571428571429	 128.50819969177246 
1000	56	3	178	397.4147314565609	8.428571428571429	 132.30993056297302 
1000	56	3	93	367.57852242194434	8.142857142857142	 130.49235582351685 
1000	56	3	35	393.1808540671623	8.375	 155.68409633636475 
1000	56	3	24	400.9552606784085	8.178571428571429	 134.3729658126831 
1000	56	3	184	392.53155857498	8.607142857142858	 129.92367696762085 
1000	56	3	28	399.3867521207559	8.375	 159.6661913394928 
1000	56	3	131	375.24851837615137	7.714285714285714	 133.0539276599884 
1000	56	3	63	382.17113494449814	8.428571428571429	 134.48548126220703 
1000	56	3	53	393.2721458131853	8.357142857142858	 134.7647669315338 
1000	56	3	72	395.47071569107766	8.910714285714286	 162.24934101104736 
1000	56	3	167	389.2071352598938	8.446428571428571	 134.36405539512634 
1000	56	3	196	406.4870303170598	8.232142857142858	 129.02364110946655 
1000	56	3	186	388.27269050978487	8.589285714285714	 129.56120133399963 
1000	56	3	166	398.3482981962051	8.482142857142858	 138.91606450080872 
1000	56	3	179	395.96596584876335	8.571428571428571	 131.76815485954285 
1000	56	3	147	396.8963861753629	8.285714285714286	 138.51947665214539 
1000	56	3	8	387.3263857647209	8.125	 167.83793663978577 
1000	56	3	3	377.5330164906979	8.160714285714286	 154.29563665390015 
1000	56	3	20	381.883463908684	7.964285714285714	 185.37439918518066 
1000	56	3	13	391.7690844681976	8.535714285714286	 176.88155055046082 
1000	56	3	10	390.2560469107143	7.982142857142857	 180.5773003101349 
1000	56	3	142	407.12197584959233	8.375	 202.28991842269897 
1000	56	3	137	382.598240550803	8.178571428571429	 198.87065362930298 
