200	820	-1	36	959.3720197531586	959.3719288878253	3.151219512195122
200	820	-1	20	820.3520614770541	820.352004129037	4.3585365853658535
200	820	-1	166	1033.7458394422324	1033.7457995495124	2.7817073170731708
200	820	-1	43	888.1362942286497	888.1361717195767	3.6304878048780487
200	820	-1	18	860.2430787330786	860.2429943175822	4.0268292682926825
200	820	-1	117	1025.4506887442426	1025.4506482009738	2.8109756097560976
200	820	-1	21	1011.9576672664555	1011.9576159907366	2.8353658536585367
200	820	-1	196	1044.6692252790074	1044.6691865102498	2.5817073170731706
200	820	-1	115	875.3803998840599	875.3802617176091	3.9695121951219514
200	820	-1	118	1007.091168606071	1007.0911221667496	2.8536585365853657
200	820	-1	112	1026.3564805799515	1026.3564404210288	2.707317073170732
200	820	-1	142	1083.4434197219168	1083.443380676971	2.5865853658536584
200	820	-1	149	886.4237555918631	886.4235183947444	4.024390243902439
200	820	-1	130	929.9046744074922	929.9045921608678	3.226829268292683
200	820	-1	189	1039.3953507463718	1039.3953124440172	2.647560975609756
200	820	-1	17	837.2240020680142	837.2232786868788	4.490243902439024
200	820	-1	152	995.7202752714398	995.7202228894771	2.8207317073170732
200	820	-1	2	907.2242450669582	907.2241385363161	3.8292682926829267
200	820	-1	136	998.7906091012946	998.7905603098286	2.7536585365853656
200	820	-1	29	1025.1137111668966	1025.1136629412028	2.7512195121951217
200	820	-1	34	863.5788478872253	863.5787510392249	4.1451219512195125
200	820	-1	81	977.629889329819	977.6298386916258	2.8939024390243904
200	820	-1	54	1014.2155846096532	1014.2155438055582	2.7390243902439027
200	820	-1	35	925.558184503468	925.5581132162363	3.3378048780487806
200	820	-1	56	1018.4662829372177	1018.4662207341272	2.7817073170731708
200	820	-1	140	1036.287661964759	1036.2876186799353	2.623170731707317
200	820	-1	103	970.8132961031706	970.8130708321684	3.2512195121951217
200	820	-1	32	1017.6911237455508	1017.6910729560826	2.7804878048780486
200	820	-1	169	828.1008570189614	828.1007827005457	4.235365853658537
200	820	-1	31	876.4636804650555	876.4635877682612	4.135365853658537
200	820	-1	157	947.4969955963685	947.4969253170094	3.3134146341463415
200	820	-1	51	927.5500829198676	927.5500196348032	3.2463414634146344
200	820	-1	141	1053.8373703807358	1053.8373219678185	2.6646341463414633
200	820	-1	151	956.2882014397211	956.2881447174375	3.1365853658536587
200	820	-1	106	1033.1346757237786	1033.134643130057	2.7365853658536587
200	820	-1	69	1030.9587671151444	1030.9587198792487	2.6841463414634146
200	820	-1	88	836.8448220153956	836.8447740914552	4.1658536585365855
200	820	-1	91	917.1994976470866	917.1993899171042	3.623170731707317
200	820	-1	47	861.6437913095489	861.6436655697148	3.9890243902439027
200	820	-1	185	963.7395121395634	963.7394498358811	3.09390243902439
200	820	-1	46	911.7316720157232	911.7304774007764	3.540243902439024
200	820	-1	178	1044.5757970913746	1044.5757568107776	2.6902439024390246
200	820	-1	59	885.2688180320869	885.2687392335401	3.821951219512195
200	820	-1	42	877.0802451891759	877.0737351057954	4.013414634146342
200	820	-1	180	1038.2853659678556	1038.2852570438772	2.6975609756097563
200	820	-1	172	1058.8748610374262	1058.874815568257	2.6926829268292685
200	820	-1	72	986.9701318847133	986.9700648432947	2.85
200	820	-1	26	865.4126641829275	865.4124498068338	4.012195121951219
200	820	-1	8	1025.6603227584992	1025.6602824349525	2.734146341463415
200	820	-1	109	936.3906435842149	936.3905868470715	3.126829268292683
200	820	-1	37	1043.203008693027	1043.2029671675075	2.6646341463414633
200	820	-1	60	871.5133612497459	871.5131951458432	4.0841463414634145
200	820	-1	78	1025.8935526973153	1025.893509122453	2.734146341463415
200	820	-1	108	1054.1561616598487	1054.1561076240675	2.6902439024390246
200	820	-1	5	946.3773390083226	946.3772885515186	3.1890243902439024
200	820	-1	67	1067.6461150176704	1067.6460770657586	2.6219512195121952
200	820	-1	119	1032.7213149838176	1032.7212753565393	2.653658536585366
200	820	-1	79	1074.1415000579677	1074.141463061173	2.5597560975609754
200	820	-1	4	800.9734578333544	800.9734020250812	4.291463414634146
200	820	-1	3	1004.2324755117638	1004.2324204429385	2.8804878048780487
200	820	-1	45	1029.9532427868628	1029.9532025671538	2.6670731707317072
200	820	-1	55	907.5781567156822	907.5780996886392	3.5817073170731706
200	820	-1	159	1060.762953359204	1060.7629110527944	2.701219512195122
200	820	-1	198	1023.4819962426191	1023.4819538242455	2.770731707317073
200	820	-1	13	1002.7203575876534	1002.7203133712949	2.8804878048780487
200	820	-1	68	857.7156197851294	857.7155483620023	4.190243902439025
200	820	-1	128	997.8050154744224	997.804961220684	2.8695121951219513
200	820	-1	105	898.7661012489156	898.7659499457168	3.624390243902439
200	820	-1	48	1061.6462190950244	1061.6461789496893	2.626829268292683
200	820	-1	138	857.928100840338	857.927863877175	4.131707317073171
200	820	-1	184	842.725925845144	842.7258700969659	4.180487804878049
200	820	-1	194	866.8769194811214	866.8767167839073	4.03170731707317
200	820	-1	33	1007.9715849756263	1007.9715399704289	2.868292682926829
200	820	-1	135	956.5748247106769	956.574770576563	3.223170731707317
200	820	-1	158	883.7923732634799	883.7921555233361	3.848780487804878
200	820	-1	163	1015.8926307432117	1015.8925741255395	2.7853658536585364
200	820	-1	92	989.5112580296892	989.5111955974605	2.892682926829268
200	820	-1	161	1049.6248565477927	1049.6248154931473	2.5890243902439023
200	820	-1	144	848.3743542427841	848.3742979617012	4.2524390243902435
200	820	-1	104	1022.263950930969	1022.2638942732582	2.8146341463414632
200	820	-1	89	1056.4002102560275	1056.4001699706755	2.573170731707317
200	820	-1	15	985.2988920904503	985.2988068664981	2.9682926829268292
200	820	-1	24	895.6634819276926	895.6633314630664	3.8182926829268293
200	820	-1	63	859.4012106283835	859.4011231319488	4.119512195121951
200	820	-1	143	1021.6975905385848	1021.6975428626339	2.8353658536585367
200	820	-1	183	839.729009366573	839.7288709942137	4.412195121951219
200	820	-1	190	872.5632431859055	872.5631675628913	4.1414634146341465
200	820	-1	39	846.3697514696242	846.3696646822759	4.203658536585366
200	820	-1	175	953.3974399625239	953.3973853464112	2.9853658536585366
200	820	-1	133	852.4532784103379	852.4531777736397	4.378048780487805
200	820	-1	174	1062.6240847642584	1062.6240081232397	2.645121951219512
200	820	-1	70	1011.3379104491444	1011.3378648084063	2.824390243902439
200	820	-1	181	994.4130074528646	994.4129531015675	2.85
200	820	-1	73	949.6466429975945	949.6465593480663	3.2426829268292683
200	820	-1	127	983.0229358457586	983.0228942383893	2.95
200	820	-1	58	840.4880710304428	840.487923677143	4.2560975609756095
200	820	-1	173	904.0926283374498	904.0925447982501	3.696341463414634
200	820	-1	150	877.9244880711956	877.9243917375273	3.752439024390244
200	820	-1	123	828.3482742106431	828.3482178076854	4.302439024390244
200	820	-1	124	873.7187627413928	873.7181821874298	4.068292682926829
200	820	-1	129	844.6856513298942	844.6855997872692	3.8878048780487804
200	820	-1	122	1033.2581026941261	1033.2580600145516	2.6439024390243904
200	820	-1	27	962.5088910505597	962.5073800045976	3.1414634146341465
200	820	-1	74	933.7162152176489	933.7161553938927	3.453658536585366
200	820	-1	77	864.0195062637687	864.0194228987259	4.181707317073171
200	820	-1	191	897.4452957875251	897.4452093993281	3.629268292682927
200	820	-1	14	842.7119628074707	842.7119030301501	4.290243902439024
200	820	-1	125	841.3194019359161	841.3193144014126	4.304878048780488
200	820	-1	155	978.9334290399994	978.9333620255629	3.004878048780488
200	820	-1	6	940.2222190299266	940.2221216361834	3.2817073170731708
200	820	-1	195	1045.8445501727579	1045.844448399901	2.701219512195122
200	820	-1	120	967.2175433493406	967.2174749064836	3.1121951219512196
200	820	-1	121	830.0855151051356	830.0854279043012	4.45
200	820	-1	160	853.7525525966657	853.7524018366024	4.35
200	820	-1	94	991.6879361421177	991.6878723139212	2.824390243902439
200	820	-1	102	943.3994302148812	943.3993513066704	3.4073170731707316
200	820	-1	154	868.7964817710682	868.796380727286	3.973170731707317
200	820	-1	22	839.336260264376	839.3361995473617	4.228048780487805
200	820	-1	25	897.1891445410068	897.1890058341284	3.6134146341463413
200	820	-1	192	913.8875126525513	913.8874093186463	3.4451219512195124
200	820	-1	85	878.2170028208865	878.2169231665971	3.8914634146341465
200	820	-1	176	995.0035035907184	995.0034426063268	2.8902439024390243
200	820	-1	62	861.3048423816272	861.3046520427365	4.1536585365853655
200	820	-1	87	831.3763031748889	831.3762550871546	4.254878048780488
200	820	-1	99	842.6914104669545	842.6913443823167	4.164634146341464
200	820	-1	145	1049.324120175237	1049.3240813509028	2.6914634146341463
200	820	-1	170	973.5170996658064	973.5170146297029	2.95
200	820	-1	147	1034.1068658638533	1034.1068259279923	2.675609756097561
200	820	-1	23	1082.5017538339114	1082.501711933011	2.551219512195122
200	820	-1	168	1047.979991040811	1047.9799486255097	2.653658536585366
200	820	-1	132	823.240457410905	823.2403816099448	4.458536585365854
200	820	-1	82	867.7909077855992	867.7908550108115	3.9353658536585368
200	820	-1	61	879.2369155828779	879.2368554736337	3.846341463414634
200	820	-1	41	1046.8138258192416	1046.8137842682345	2.6658536585365855
200	820	-1	187	918.3099076294232	918.3097848127421	3.4146341463414633
200	820	-1	28	1060.547743708375	1060.5477068784444	2.604878048780488
200	820	-1	188	880.2035650873644	880.2034928533801	3.7426829268292683
200	820	-1	193	826.0254245217952	826.0253153936842	4.59390243902439
200	820	-1	167	922.7798448006722	922.7797495726076	3.174390243902439
200	820	-1	98	872.0070356236615	872.0069469973818	3.901219512195122
200	820	-1	0	1051.0346038338882	1051.0345581354827	2.6439024390243904
200	820	-1	50	864.4953782095471	864.4952853620712	4.034146341463415
200	820	-1	49	847.7502454216666	847.7501392818664	4.151219512195122
200	820	-1	146	893.5440258385265	893.5439302535827	3.631707317073171
200	820	-1	83	823.0048925890991	823.0048169671597	4.519512195121951
200	820	-1	107	890.3222334359725	890.3221507106322	3.8451219512195123
200	820	-1	90	895.2723424791767	895.2722523924976	3.726829268292683
200	820	-1	171	1029.3984146844514	1029.3983653198734	2.7829268292682925
200	820	-1	197	912.0627816422646	911.3384794700346	3.5707317073170732
200	820	-1	52	1045.8129655021776	1045.8129133922725	2.6634146341463416
200	820	-1	96	958.2365730892868	958.2365106104485	3.1341463414634148
200	820	-1	177	845.1845750135686	845.1845193188208	4.109756097560975
200	820	-1	156	1047.5779470825778	1047.5779082987244	2.574390243902439
200	820	-1	97	874.8441856542169	874.8439716561187	4.0182926829268295
200	820	-1	30	1026.4086728554619	1026.4086248865055	2.7378048780487805
200	820	-1	131	1019.1932663471382	1019.1932184244115	2.7378048780487805
200	820	-1	7	898.5569008773053	898.5568387250421	3.6060975609756096
200	820	-1	114	865.2813182736302	865.2812043260947	4.0060975609756095
200	820	-1	10	1047.1788337051594	1047.17878678683	2.678048780487805
200	820	-1	162	1001.7284399838647	1001.7283944095053	2.921951219512195
200	820	-1	64	917.9023928466016	917.9022447528764	3.478048780487805
200	820	-1	44	884.3267019754563	884.3266394239538	3.9292682926829268
200	820	-1	1	1000.0276785715265	1000.0276046955728	2.84390243902439
200	820	-1	71	1005.967483920768	1005.9673514793027	2.903658536585366
200	820	-1	19	852.8019327078251	852.8013788651185	4.278048780487805
200	820	-1	100	902.4389821503988	902.4389091648774	3.546341463414634
200	820	-1	179	1043.5347592608366	1043.5347211983724	2.626829268292683
200	820	-1	116	1014.6928344643212	1014.6927950786136	2.768292682926829
200	820	-1	86	939.2560188619516	939.2559503502199	3.2560975609756095
200	820	-1	134	941.5306946539087	941.530626762009	3.3646341463414635
200	820	-1	101	974.9914210213437	974.991351105497	3.0890243902439023
200	820	-1	153	850.5850700595588	850.5849481023741	4.179268292682927
200	820	-1	38	858.4920852332384	858.4919970621248	4.240243902439024
200	820	-1	186	912.0964035959055	912.0963104779731	3.6097560975609757
200	820	-1	9	1029.4043111442668	1029.4042667561823	2.707317073170732
200	820	-1	12	992.6680003548943	992.6679293681195	2.902439024390244
200	820	-1	137	849.7534852585147	849.7534206508668	4.317073170731708
200	820	-1	11	999.3558375641983	999.3557858407298	2.9097560975609755
200	820	-1	80	995.7926519162925	995.79260389076	2.908536585365854
200	820	-1	95	946.6120543475861	946.6119935226716	3.292682926829268
200	820	-1	75	856.3428707411583	856.3427704332531	4.054878048780488
200	820	-1	199	1024.6993680723683	1024.6993317138235	2.6219512195121952
200	820	-1	84	1019.3354278398228	1019.3353681555755	2.7878048780487803
200	820	-1	164	827.7598232703458	827.7597589887773	4.375609756097561
200	820	-1	110	1078.8290609142675	1078.8290233774298	2.5097560975609756
200	820	-1	93	1050.4138095627654	1050.413769654203	2.623170731707317
200	820	-1	165	902.0434322217694	902.0433222551923	3.803658536585366
200	820	-1	113	1060.262078231047	1060.262040447724	2.5902439024390245
200	820	-1	65	958.2521778647988	958.252057554024	3.2158536585365853
200	820	-1	182	1058.3314812253764	1058.3314411328943	2.629268292682927
200	820	-1	148	1060.2780304029877	1060.2779846460917	2.6146341463414635
200	820	-1	111	884.8867061105786	884.8865797061123	3.7865853658536586
200	820	-1	16	885.9866843185797	885.9864193995443	3.7878048780487803
200	820	-1	126	1020.7963111851377	1020.7962726544737	2.747560975609756
200	820	-1	139	871.7154082360414	871.7153307631892	4.076829268292683
200	820	-1	57	1040.598246895161	1040.5982090738978	2.7121951219512197
200	820	-1	66	1060.923276603581	1060.923238649753	2.6170731707317074
200	820	-1	40	839.1576598368056	839.1576024663469	4.012195121951219
200	820	-1	76	1042.5280115468045	1042.5279714417627	2.6170731707317074
200	820	-1	53	929.412374069559	929.41227983677	3.4146341463414633
