200	204	12	43	354.0405502646855	3.1813725490196076	0.033301591873168945	5
200	204	12	34	356.53635402817287	3.514705882352941	0.03426218032836914	5
200	204	12	59	347.58316684819226	3.338235294117647	0.03345370292663574	5
200	204	12	4	356.6937165600815	3.25	0.03703880310058594	5
200	204	12	33	350.41862159765475	3.5686274509803924	0.03470587730407715	5
200	204	12	26	341.6660890682549	3.122549019607843	0.032067060470581055	5
200	204	12	27	350.37934945753426	3.4901960784313726	0.034711599349975586	5
200	204	12	18	337.87883380353816	3.573529411764706	0.03655672073364258	5
200	204	12	111	357.6907594413162	3.450980392156863	0.03574514389038086	5
200	204	12	103	353.5917563939995	3.0980392156862746	0.033760786056518555	5
200	204	12	176	357.71498194031454	3.264705882352941	0.035006046295166016	5
200	204	12	171	345.81829086585367	3.5980392156862746	0.03591299057006836	5
200	204	12	180	347.3482547586779	3.3872549019607843	0.03356361389160156	5
200	204	12	22	347.9578054887711	3.284313725490196	0.03498435020446777	5
200	204	12	37	346.80681220298317	3.3088235294117645	0.03482341766357422	5
200	204	12	44	358.85495801518323	3.2450980392156863	0.03449416160583496	5
200	204	12	29	360.40083321374505	3.0049019607843137	0.03393673896789551	5
200	204	12	181	338.61883520942047	3.465686274509804	0.033206939697265625	5
200	204	12	189	350.7672158091764	3.049019607843137	0.03438830375671387	5
200	204	12	158	357.92461149435945	3.2892156862745097	0.03505444526672363	5
200	204	12	108	353.729307993675	3.3333333333333335	0.03414440155029297	5
200	204	12	168	351.4496008246566	3.2892156862745097	0.03299450874328613	5
200	204	12	163	349.4715133479808	3.264705882352941	0.0336759090423584	5
200	204	12	138	340.8429772473224	3.642156862745098	0.034744977951049805	5
200	204	12	152	343.0709300728111	3.4705882352941178	0.03519940376281738	5
200	204	12	154	345.8929879743663	3.2450980392156863	0.03404641151428223	5
200	204	12	153	362.36080917086883	3.700980392156863	0.03641557693481445	5
200	204	12	133	349.0974574980235	3.1029411764705883	0.03260469436645508	5
200	204	12	118	352.5837897364583	3.215686274509804	0.03545522689819336	5
200	204	12	25	348.13012596621394	3.200980392156863	0.03287315368652344	5
200	204	12	160	361.0069018387378	2.9705882352941178	0.03357195854187012	5
200	204	12	141	350.02543639216714	3.2598039215686274	0.033731937408447266	5
200	204	12	88	354.02712706136305	3.3970588235294117	0.03523755073547363	5
200	204	12	104	349.367871834584	3.122549019607843	0.03404808044433594	5
200	204	12	198	354.5922076702716	3.411764705882353	0.034575462341308594	5
200	204	12	191	338.16600859510834	2.980392156862745	0.03269839286804199	5
200	204	12	46	347.8754350637887	3.161764705882353	0.034017086029052734	5
200	204	12	51	343.1735402743463	3.264705882352941	0.03290271759033203	5
200	204	12	30	345.9312105319537	3.1323529411764706	0.03415679931640625	5
200	204	12	96	355.0066985543105	3.1029411764705883	0.03278827667236328	5
200	204	12	23	351.11403137330524	3.0098039215686274	0.03347063064575195	5
200	204	12	7	350.24848955316236	3.142156862745098	0.03325605392456055	5
200	204	12	21	351.3729193261824	3.323529411764706	0.0341801643371582	5
200	204	12	69	352.62067546298016	3.3823529411764706	0.033972740173339844	5
200	204	12	67	357.9348791057995	3.3137254901960786	0.033824920654296875	5
200	204	12	1	356.35301630479637	3.5098039215686274	0.03855729103088379	5
200	204	12	107	343.19250176136273	3.392156862745098	0.03470778465270996	5
200	204	12	173	340.3431481227156	3.303921568627451	0.03352236747741699	5
200	204	12	172	358.7902450633528	3.338235294117647	0.03450465202331543	5
200	204	12	183	354.5265533117163	3.303921568627451	0.0332636833190918	5
200	204	12	174	339.6800015429909	3.5441176470588234	0.03445601463317871	5
200	204	12	36	357.7925296722305	3.3970588235294117	0.035469770431518555	5
200	204	12	196	346.39341115050996	3.264705882352941	0.03271675109863281	5
200	204	12	170	354.3547615377773	3.5049019607843137	0.03448486328125	5
200	204	12	193	350.16060676139637	3.5588235294117645	0.03533935546875	5
200	204	12	142	348.90736845231714	3.1911764705882355	0.033443450927734375	5
200	204	12	123	353.5651846032569	3.0392156862745097	0.03420829772949219	5
200	204	12	167	353.5017398949249	3.406862745098039	0.03478860855102539	5
200	204	12	156	353.0547175841008	3.0294117647058822	0.03498220443725586	5
200	204	12	162	355.0755544330147	3.6813725490196076	0.03462862968444824	5
200	204	12	49	352.5924410113289	3.3872549019607843	0.03439068794250488	5
200	204	12	13	353.8283040450044	3.235294117647059	0.034982919692993164	5
200	204	12	15	365.5668054485688	3.299019607843137	0.03513336181640625	5
200	204	12	113	355.2731494790204	3.426470588235294	0.03472280502319336	5
200	204	12	72	345.3735217987335	3.465686274509804	0.03415274620056152	5
200	204	12	185	349.0366790464346	3.1519607843137254	0.03188610076904297	5
200	204	12	32	357.5840948531182	3.5833333333333335	0.03734469413757324	5
200	204	12	93	350.8134710018264	3.1372549019607843	0.03435802459716797	5
200	204	12	42	355.10693414152	3.2401960784313726	0.034250736236572266	5
200	204	12	35	345.6649451745468	3.2107843137254903	0.036238670349121094	5
200	204	12	94	352.35802376469337	3.1372549019607843	0.03537440299987793	5
200	204	12	38	346.37801151231787	3.343137254901961	0.03438258171081543	5
200	204	12	56	347.176622368551	3.323529411764706	0.032709598541259766	5
200	204	12	195	347.6763396380952	3.3823529411764706	0.03410029411315918	5
200	204	12	54	350.59923382983345	3.514705882352941	0.034126996994018555	5
200	204	12	157	351.3216452027875	3.3970588235294117	0.03462076187133789	5
200	204	12	6	345.6886635730788	3.0098039215686274	0.031461477279663086	5
200	204	12	145	352.10579222762306	3.4166666666666665	0.03357982635498047	5
200	204	12	199	346.24032355477476	3.377450980392157	0.03303122520446777	5
200	204	12	124	345.657078434062	3.3529411764705883	0.033989667892456055	5
200	204	12	3	353.1843077710163	3.0784313725490198	0.03670001029968262	5
200	204	12	99	349.3063343012869	3.4362745098039214	0.03512120246887207	5
200	204	12	115	346.64376091286266	3.2892156862745097	0.03294801712036133	5
200	204	12	97	341.8507593661191	3.343137254901961	0.033210039138793945	5
200	204	12	98	347.7490205643427	3.1862745098039214	0.032887935638427734	5
200	204	12	106	352.0012564102716	3.2941176470588234	0.03399252891540527	5
200	204	12	90	347.9773207288579	3.303921568627451	0.03497195243835449	5
200	204	12	184	358.4433823951424	3.2107843137254903	0.03311467170715332	5
200	204	12	105	351.15976789072147	3.2058823529411766	0.03657054901123047	5
200	204	12	177	349.7391898300368	3.622549019607843	0.03475379943847656	5
200	204	12	175	346.7901067503506	3.0098039215686274	0.03351140022277832	5
200	204	12	161	349.1553314238644	3.406862745098039	0.03457474708557129	5
200	204	12	169	347.49598839556324	3.1519607843137254	0.03281831741333008	5
200	204	12	41	350.89973112207844	3.1127450980392157	0.03334164619445801	5
200	204	12	116	353.99150110311854	3.372549019607843	0.034976959228515625	5
200	204	12	12	343.84000028271066	3.3823529411764706	0.03454160690307617	5
200	204	12	192	347.3354875744849	2.9950980392156863	0.033288002014160156	5
200	204	12	164	355.8689707858404	3.4607843137254903	0.034807682037353516	5
200	204	12	95	346.7497305726481	3.2401960784313726	0.033298492431640625	5
200	204	12	53	356.8896799477177	3.122549019607843	0.032573699951171875	5
200	204	12	61	357.5495707011763	3.200980392156863	0.03396344184875488	5
200	204	12	155	353.59028868408785	3.5686274509803924	0.0351715087890625	5
200	204	12	187	341.42677428798487	3.0294117647058822	0.03246331214904785	5
200	204	12	24	349.30037086907487	3.5	0.03331494331359863	5
200	204	12	188	349.7920012766046	3.1666666666666665	0.03363442420959473	5
200	204	12	166	358.12476273524294	3.156862745098039	0.03314518928527832	5
200	204	12	137	355.6234325438601	3.1911764705882355	0.03348278999328613	5
200	204	12	151	345.8824225876904	3.764705882352941	0.035530805587768555	5
200	204	12	139	357.0088397721902	3.392156862745098	0.03549957275390625	5
200	204	12	110	349.60997462645406	3.264705882352941	0.037393808364868164	5
200	204	12	132	351.3344871043572	3.088235294117647	0.03206634521484375	5
200	204	12	131	349.158280763376	3.215686274509804	0.03313136100769043	5
200	204	12	120	345.77269133828815	3.514705882352941	0.03496980667114258	5
200	204	12	125	352.09802967265654	3.1127450980392157	0.03321552276611328	5
200	204	12	73	361.79039486002785	3.0	0.03328847885131836	5
200	204	12	74	351.2939596662013	3.200980392156863	0.03327512741088867	5
200	204	12	64	344.2223137902862	3.0098039215686274	0.03372597694396973	5
200	204	12	117	359.68134548984426	3.3137254901960786	0.038770198822021484	5
200	204	12	2	355.25060848603994	3.607843137254902	0.0396573543548584	5
200	204	12	91	356.26881166175593	3.3284313725490198	0.036028146743774414	5
200	204	12	147	350.8712200570714	3.1470588235294117	0.03343605995178223	5
200	204	12	146	352.7736402357154	3.485294117647059	0.03402280807495117	5
200	204	12	66	343.8066094019709	3.1813725490196076	0.032891035079956055	5
200	204	12	112	348.3668999762265	3.3137254901960786	0.03357982635498047	5
200	204	12	92	356.7622163679274	3.1813725490196076	0.03328132629394531	5
200	204	12	148	340.7442475435175	3.3480392156862746	0.03310084342956543	5
200	204	12	119	345.95040296136716	3.1862745098039214	0.033743858337402344	5
200	204	12	135	342.3320020841349	3.1519607843137254	0.03284335136413574	5
200	204	12	11	363.94404594517414	3.0588235294117645	0.032974958419799805	5
200	204	12	10	349.69059954113214	3.034313725490196	0.03262162208557129	5
200	204	12	47	358.41668467213066	2.9607843137254903	0.033570051193237305	5
200	204	12	48	356.20643864792123	3.156862745098039	0.03339052200317383	5
200	204	12	81	350.0511133977263	3.1519607843137254	0.03324556350708008	5
200	204	12	85	356.44963630500246	3.1813725490196076	0.034014225006103516	5
200	204	12	45	347.3978811048156	3.1519607843137254	0.03356218338012695	5
200	204	12	57	352.863807560307	3.4019607843137254	0.03402090072631836	5
200	204	12	100	360.1747214119248	3.730392156862745	0.03657388687133789	5
200	204	12	149	345.96486445117205	3.485294117647059	0.03439664840698242	5
200	204	12	17	357.7356910947236	3.230392156862745	0.03399944305419922	5
200	204	12	20	353.11328543221794	3.534313725490196	0.036000967025756836	5
200	204	12	60	354.660565370369	3.514705882352941	0.033817291259765625	5
200	204	12	8	340.85233536197677	3.4754901960784315	0.034569501876831055	5
200	204	12	0	356.96798817838106	3.073529411764706	0.03671884536743164	5
200	204	12	50	358.80566426585125	3.25	0.0343930721282959	5
200	204	12	5	345.4700127223838	3.5686274509803924	0.035126447677612305	5
200	204	12	71	336.9791198337206	3.2745098039215685	0.03231978416442871	5
200	204	12	68	353.183927558056	3.2745098039215685	0.033258914947509766	5
200	204	12	58	343.34929836903325	3.235294117647059	0.028649568557739258	4
200	204	12	14	364.3520547017645	3.0980392156862746	0.034136295318603516	5
200	204	12	136	348.1350796841489	3.3186274509803924	0.03368353843688965	5
200	204	12	77	355.81608500592677	3.2107843137254903	0.03302311897277832	5
200	204	12	182	356.00016889300093	3.1127450980392157	0.03273749351501465	5
200	204	12	197	339.86595077288683	3.406862745098039	0.03301215171813965	5
200	204	12	179	348.3853857909776	3.4754901960784315	0.033086538314819336	5
200	204	12	76	351.2679529033468	2.965686274509804	0.03379678726196289	5
200	204	12	89	349.77625386687765	3.450980392156863	0.034989118576049805	5
200	204	12	65	347.88510434163584	3.323529411764706	0.034628868103027344	5
200	204	12	9	349.9254258344774	3.2745098039215685	0.03368520736694336	5
200	204	12	128	349.1130495379997	3.392156862745098	0.034160614013671875	5
200	204	12	165	342.2907011721839	3.2450980392156863	0.03287863731384277	5
200	204	12	79	352.35745801102155	3.1911764705882355	0.03289341926574707	5
200	204	12	144	348.4608267080088	3.107843137254902	0.03218364715576172	5
200	204	12	143	349.20450466490706	3.2892156862745097	0.034340858459472656	5
200	204	12	62	360.76915361963376	3.161764705882353	0.03475236892700195	5
200	204	12	31	356.0365889846902	3.2450980392156863	0.034166574478149414	5
200	204	12	150	353.5540504162968	3.034313725490196	0.032700300216674805	5
200	204	12	190	351.85346929168264	3.2892156862745097	0.03487515449523926	5
200	204	12	194	345.39509777979066	3.4362745098039214	0.03444218635559082	5
200	204	12	39	353.88186462065994	3.269607843137255	0.0343325138092041	5
200	204	12	114	344.0662494356023	3.0833333333333335	0.03283381462097168	5
200	204	12	55	353.58313206838636	3.465686274509804	0.0329744815826416	5
200	204	12	134	355.15720027000225	3.426470588235294	0.03423571586608887	5
200	204	12	186	356.9123597698949	3.2941176470588234	0.03421282768249512	5
200	204	12	83	346.79692985267263	3.2107843137254903	0.033199310302734375	5
200	204	12	19	335.8389900778351	3.3480392156862746	0.03469562530517578	5
200	204	12	28	352.65163484974227	3.485294117647059	0.03542947769165039	5
200	204	12	52	351.09613641042955	3.284313725490196	0.03404998779296875	5
200	204	12	121	348.25030877363724	3.3284313725490198	0.03264784812927246	5
200	204	12	129	347.7756897902803	3.465686274509804	0.034914255142211914	5
200	204	12	178	342.1542537930687	3.5441176470588234	0.033380746841430664	5
200	204	12	70	345.29792748895716	3.656862745098039	0.034963130950927734	5
200	204	12	101	353.55449496008384	3.4558823529411766	0.035169124603271484	5
200	204	12	102	352.95163897764485	3.4754901960784315	0.03511953353881836	5
200	204	12	109	342.0650139549716	3.230392156862745	0.03295731544494629	5
200	204	12	130	347.39391866449364	3.3872549019607843	0.0330967903137207	5
200	204	12	127	356.9401335252176	3.264705882352941	0.034285783767700195	5
200	204	12	140	347.28879977915375	3.122549019607843	0.033390045166015625	5
200	204	12	63	354.20352423851637	3.0686274509803924	0.034044504165649414	5
200	204	12	122	357.2724617131883	2.9705882352941178	0.03354692459106445	5
200	204	12	159	360.23596840360574	3.0833333333333335	0.03345227241516113	5
200	204	12	87	355.43237706978385	3.338235294117647	0.035214900970458984	5
200	204	12	80	350.1826978076255	3.1372549019607843	0.03342461585998535	5
200	204	12	82	355.35375729023866	3.3676470588235294	0.0341644287109375	5
200	204	12	75	349.19324594631274	3.1470588235294117	0.03704714775085449	5
200	204	12	86	351.0257009864998	3.2401960784313726	0.034276485443115234	5
200	204	12	78	359.0864552503932	3.2254901960784315	0.03326821327209473	5
200	204	12	84	350.283466041009	3.357843137254902	0.03333020210266113	5
200	204	12	16	357.38749471373006	3.450980392156863	0.03518366813659668	5
200	204	12	40	341.17652110543764	2.9558823529411766	0.03236079216003418	5
200	204	12	126	352.78410178417556	3.3529411764705883	0.033898115158081055	5
