200	402	-1	43	561.9510789165871	4.201492537313433
200	402	-1	103	559.5772985576529	4.736318407960199
200	402	-1	163	536.3303720383356	4.482587064676617
200	402	-1	59	555.8270121168814	4.348258706467662
200	402	-1	141	560.2202587359488	4.58457711442786
200	402	-1	29	544.7371101088272	4.835820895522388
200	402	-1	34	550.8872782115257	4.465174129353234
200	402	-1	21	538.7042580276558	4.614427860696518
200	402	-1	118	539.3069963002017	4.646766169154229
200	402	-1	18	544.6112594357172	4.472636815920398
200	402	-1	153	553.7245966497782	4.776119402985074
200	402	-1	88	541.1330243451405	4.845771144278607
200	402	-1	142	541.1769123027215	4.833333333333333
200	402	-1	189	526.9184623741694	4.6716417910447765
200	402	-1	157	550.6869467038853	4.604477611940299
200	402	-1	160	548.2988808830897	4.470149253731344
200	402	-1	47	547.5509001586366	4.2288557213930345
200	402	-1	36	562.6783771361787	3.9303482587064678
200	402	-1	115	526.10746523066	4.669154228855722
200	402	-1	117	538.6857328839332	4.898009950248756
200	402	-1	166	546.6439964977509	4.718905472636816
200	402	-1	105	550.7709762668167	4.490049751243781
200	402	-1	20	533.5239820667821	4.91542288557214
200	402	-1	2	550.9289719699375	4.818407960199005
200	402	-1	97	546.1411935309055	4.597014925373134
200	402	-1	60	541.4964136978948	4.651741293532338
200	402	-1	10	539.2379953903035	4.522388059701493
200	402	-1	92	546.0012390008538	4.621890547263682
200	402	-1	152	545.890435603705	4.621890547263682
200	402	-1	136	534.0696673755739	4.878109452736318
200	402	-1	63	542.914507576114	5.009950248756219
200	402	-1	54	539.7672906056819	4.788557213930348
200	402	-1	170	554.6374571611543	4.281094527363184
200	402	-1	193	553.7534226285036	4.661691542288557
200	402	-1	108	538.6637935893793	4.972636815920398
200	402	-1	176	547.805748407657	4.885572139303482
200	402	-1	55	547.4013312430187	4.577114427860696
200	402	-1	102	544.1789622679287	4.388059701492537
200	402	-1	196	540.1268365233379	4.564676616915423
200	402	-1	23	563.3869712515617	4.353233830845771
200	402	-1	96	532.7352472796209	4.746268656716418
200	402	-1	70	548.6473190980397	4.701492537313433
200	402	-1	82	557.7490848169107	4.353233830845771
200	402	-1	124	537.5857034711572	4.7164179104477615
200	402	-1	168	556.5637850056079	4.358208955223881
200	402	-1	158	550.4084160050937	4.5945273631840795
200	402	-1	62	552.3283167976732	4.830845771144278
200	402	-1	73	544.7411786654637	4.659203980099503
200	402	-1	132	555.8072644561662	4.699004975124378
200	402	-1	185	548.9837737223454	4.54726368159204
200	402	-1	167	550.5234891724558	4.278606965174129
200	402	-1	3	559.8280465520353	4.467661691542289
200	402	-1	195	545.2848035088558	4.634328358208955
200	402	-1	133	552.4333346618795	4.1318407960199
200	402	-1	184	544.6646767195358	4.741293532338308
200	402	-1	33	528.8363963017425	4.920398009950249
200	402	-1	1	545.6129016293145	4.850746268656716
200	402	-1	22	546.2986683330462	4.383084577114428
200	402	-1	155	540.1081535598438	4.813432835820896
200	402	-1	149	546.582016852755	4.58955223880597
200	402	-1	81	531.7805330921333	4.803482587064677
200	402	-1	15	556.7931315037242	5.0049751243781095
200	402	-1	174	540.8949734143132	4.788557213930348
200	402	-1	35	541.9056899762867	4.470149253731344
200	402	-1	49	556.4413720249808	4.507462686567164
200	402	-1	46	545.4605088283059	4.912935323383085
200	402	-1	154	552.1303648602599	4.95273631840796
200	402	-1	8	552.1048513774173	4.1716417910447765
200	402	-1	179	541.7119811060517	4.425373134328358
200	402	-1	31	544.9444310861246	4.577114427860696
200	402	-1	161	554.3485320259585	4.629353233830845
200	402	-1	83	554.9761654048124	4.592039800995025
200	402	-1	148	538.3190265274308	4.800995024875622
200	402	-1	39	544.0135241427139	4.848258706467662
200	402	-1	9	542.5303272121856	4.649253731343284
200	402	-1	52	551.6751853848242	4.604477611940299
200	402	-1	198	546.6103272547426	4.641791044776119
200	402	-1	130	551.6022943838132	4.95771144278607
200	402	-1	192	549.0775569807813	4.524875621890548
200	402	-1	6	529.6697393104818	4.7711442786069655
200	402	-1	106	545.1015481677797	4.7711442786069655
200	402	-1	17	557.9632742918118	4.582089552238806
200	402	-1	5	556.0125975230181	4.383084577114428
200	402	-1	13	535.1892560692783	4.850746268656716
200	402	-1	72	533.4854294221466	4.624378109452737
200	402	-1	32	547.612727130177	4.786069651741293
200	402	-1	112	552.3884164282574	4.263681592039801
200	402	-1	89	546.5246816932433	4.741293532338308
200	402	-1	45	543.9340938984436	4.808457711442786
200	402	-1	87	552.2373328022863	4.888059701492537
200	402	-1	100	545.2943924422614	4.656716417910448
200	402	-1	30	544.770586129655	4.3059701492537314
200	402	-1	107	543.6976793280513	4.95771144278607
200	402	-1	188	550.2018298295832	4.534825870646766
200	402	-1	56	546.8506194549425	4.601990049751244
200	402	-1	78	550.9465268442024	4.746268656716418
200	402	-1	85	555.1405144400169	4.7388059701492535
200	402	-1	147	552.5272561203013	4.711442786069652
200	402	-1	140	554.78849085674	4.6393034825870645
200	402	-1	180	546.1356707112133	4.517412935323383
200	402	-1	91	541.9402104080253	4.756218905472637
200	402	-1	27	553.1338601922561	4.656716417910448
200	402	-1	151	543.9554247934025	5.166666666666667
200	402	-1	94	548.8230187676594	4.539800995024875
200	402	-1	114	546.1097986299384	4.101990049751244
200	402	-1	51	535.3320413410553	4.532338308457711
200	402	-1	146	535.8428086655811	4.865671641791045
200	402	-1	183	540.6128297104614	4.706467661691542
200	402	-1	71	533.5067336080617	4.437810945273632
200	402	-1	67	540.1530507782753	4.746268656716418
200	402	-1	127	553.1750716111478	4.253731343283582
200	402	-1	113	554.1955800160254	4.156716417910448
200	402	-1	7	542.7851024842272	4.323383084577115
200	402	-1	86	539.1401618446233	5.231343283582089
200	402	-1	186	551.2336706775089	4.641791044776119
200	402	-1	194	541.6745544684157	4.674129353233831
200	402	-1	37	539.5714015007982	4.621890547263682
200	402	-1	19	557.0758589351768	4.597014925373134
200	402	-1	159	539.9175626986452	5.037313432835821
200	402	-1	44	550.0267077264335	4.480099502487562
200	402	-1	48	548.5097092097191	4.579601990049751
200	402	-1	178	547.1581658341773	4.6393034825870645
200	402	-1	69	539.2137753656837	4.763681592039801
200	402	-1	150	546.9519951060236	4.813432835820896
200	402	-1	172	557.7176836148709	4.3681592039801
200	402	-1	169	541.1344151900355	4.6716417910447765
200	402	-1	171	532.3903245580713	4.6940298507462686
200	402	-1	144	546.2078649179348	4.9278606965174125
200	402	-1	75	547.0860684857882	4.196517412935323
200	402	-1	145	560.4279982931276	4.587064676616915
200	402	-1	119	558.1252405050675	4.2288557213930345
200	402	-1	116	553.7018436514976	4.097014925373134
200	402	-1	181	545.4779043075636	5.082089552238806
200	402	-1	24	542.9651187625166	4.808457711442786
200	402	-1	26	555.5859666447371	4.514925373134329
200	402	-1	175	538.6610225047693	4.800995024875622
200	402	-1	104	552.3854101750215	4.8059701492537314
200	402	-1	120	542.2181043651156	4.497512437810945
200	402	-1	98	545.5115536587782	4.527363184079602
200	402	-1	125	534.5225476281113	4.567164179104478
200	402	-1	128	538.5816397591042	4.507462686567164
200	402	-1	41	537.450858906595	4.713930348258707
200	402	-1	123	548.1423055146048	4.482587064676617
200	402	-1	68	538.3080659227229	4.95273631840796
200	402	-1	58	534.5909221775656	4.791044776119403
200	402	-1	50	529.0535225494912	4.6940298507462686
200	402	-1	61	546.6254289037657	4.858208955223881
200	402	-1	197	544.8176040301528	4.432835820895522
200	402	-1	109	529.0528284291371	4.296019900497512
200	402	-1	187	544.9109807245688	4.303482587064677
200	402	-1	191	532.7627403562192	4.629353233830845
200	402	-1	42	549.6147956571593	4.5497512437810945
200	402	-1	12	552.1298182665422	4.325870646766169
200	402	-1	138	551.7865729380679	4.253731343283582
200	402	-1	25	543.0739934697269	4.723880597014926
200	402	-1	74	537.2816441178181	4.629353233830845
200	402	-1	77	553.9851017557213	4.482587064676617
200	402	-1	28	550.3896159024414	4.5945273631840795
200	402	-1	190	539.2836123346286	4.4502487562189055
200	402	-1	165	536.57433511126	4.554726368159204
200	402	-1	129	531.5661371333097	5.0
200	402	-1	121	546.704081429317	4.606965174129353
200	402	-1	79	558.1573838865551	4.251243781094527
200	402	-1	135	528.413109421748	4.686567164179104
200	402	-1	122	553.6746406416682	4.3283582089552235
200	402	-1	80	553.0958713876648	4.721393034825871
200	402	-1	11	550.0818932656579	5.0
200	402	-1	137	555.8114663803947	4.587064676616915
200	402	-1	110	553.5963155103044	4.442786069651741
200	402	-1	64	546.8194020771764	4.492537313432836
200	402	-1	84	546.6142558371706	4.6393034825870645
200	402	-1	14	551.5937507402176	4.810945273631841
200	402	-1	134	551.2243617058738	4.166666666666667
200	402	-1	4	545.978113209111	4.606965174129353
200	402	-1	156	562.1490387341208	4.101990049751244
200	402	-1	90	554.3106737689504	4.606965174129353
200	402	-1	0	547.7401595286503	5.034825870646766
200	402	-1	143	545.3900792608474	4.930348258706467
200	402	-1	131	541.4452266314742	4.870646766169155
200	402	-1	101	540.8603745338597	4.9054726368159205
200	402	-1	173	559.09079069519	4.420398009950249
200	402	-1	162	545.2298034045099	4.5497512437810945
200	402	-1	93	552.2595810496975	4.718905472636816
200	402	-1	164	547.7941210587921	4.917910447761194
200	402	-1	99	547.5128110985562	4.6940298507462686
200	402	-1	38	544.0419731081778	4.497512437810945
200	402	-1	177	556.3996740229089	4.922885572139304
200	402	-1	95	566.2785749518864	4.211442786069652
200	402	-1	65	547.2813255844471	4.512437810945274
200	402	-1	16	546.6838459714919	4.659203980099503
200	402	-1	182	551.458985327486	4.713930348258707
200	402	-1	66	541.1719136483257	4.445273631840796
200	402	-1	199	541.3085323036668	4.256218905472637
200	402	-1	126	545.0637193597311	4.718905472636816
200	402	-1	139	542.8549304392731	4.532338308457711
200	402	-1	111	541.2352979090574	4.696517412935323
200	402	-1	57	540.6209059379341	4.962686567164179
200	402	-1	40	531.629943576261	4.567164179104478
200	402	-1	76	545.7781898421692	4.385572139303482
200	402	-1	53	548.0843528135829	4.300995024875622
