200	204	12	43	432.8007388160447	2.411764705882353	0.008553504943847656
200	204	12	34	436.2443896299405	2.406862745098039	0.00880885124206543
200	204	12	59	430.8506268688093	2.411764705882353	0.008540153503417969
200	204	12	4	435.1937726193168	2.4313725490196076	0.009700536727905273
200	204	12	33	438.2198100824876	2.372549019607843	0.00956583023071289
200	204	12	26	421.3660744524296	2.3088235294117645	0.008138418197631836
200	204	12	27	436.7549795094909	2.4019607843137254	0.008565664291381836
200	204	12	18	441.445399756717	2.392156862745098	0.009784460067749023
200	204	12	111	444.1151762728884	2.450980392156863	0.009392499923706055
200	204	12	103	434.4200912514051	2.3627450980392157	0.008677959442138672
200	204	12	176	440.21908112462876	2.4215686274509802	0.009018898010253906
200	204	12	171	435.9477321438456	2.3970588235294117	0.009160280227661133
200	204	12	180	437.437142264295	2.4019607843137254	0.008597373962402344
200	204	12	37	433.1952305350348	2.3333333333333335	0.008836746215820312
200	204	12	22	430.0762165430387	2.411764705882353	0.00896143913269043
200	204	12	44	440.026328490274	2.4411764705882355	0.008842706680297852
200	204	12	181	431.5834066342372	2.372549019607843	0.008459329605102539
200	204	12	29	429.6552034039616	2.338235294117647	0.008447408676147461
200	204	12	189	433.80899630846653	2.3872549019607843	0.009118795394897461
200	204	12	158	449.26556938904133	2.465686274509804	0.009877920150756836
200	204	12	108	430.4544201442695	2.426470588235294	0.008768320083618164
200	204	12	168	437.51233882237165	2.3872549019607843	0.008452415466308594
200	204	12	163	442.1234337653103	2.4019607843137254	0.00890350341796875
200	204	12	138	425.2402608837295	2.3627450980392157	0.008713245391845703
200	204	12	154	435.9689119029464	2.411764705882353	0.00891256332397461
200	204	12	152	438.5123388223716	2.392156862745098	0.008847951889038086
200	204	12	133	442.3743319448516	2.3627450980392157	0.008488893508911133
200	204	12	118	433.34076594711786	2.372549019607843	0.008870363235473633
200	204	12	153	451.193772619317	2.5098039215686274	0.009719371795654297
200	204	12	25	425.58680642258906	2.3823529411764706	0.00848841667175293
200	204	12	160	436.31958618801696	2.3823529411764706	0.008937835693359375
200	204	12	141	433.5123388223716	2.377450980392157	0.008606195449829102
200	204	12	88	451.608715139549	2.485294117647059	0.00943756103515625
200	204	12	104	432.4371422642952	2.377450980392157	0.008830547332763672
200	204	12	198	445.9484611017046	2.4166666666666665	0.0087127685546875
200	204	12	191	417.36947424078164	2.3186274509803924	0.008521795272827148
200	204	12	46	438.5089390340196	2.3823529411764706	0.008541584014892578
200	204	12	51	427.6627319385245	2.3480392156862746	0.00870823860168457
200	204	12	30	427.5834066342371	2.3627450980392157	0.009026527404785156
200	204	12	96	427.1945015771758	2.343137254901961	0.008560895919799805
200	204	12	23	424.2477894182926	2.357843137254902	0.00895833969116211
200	204	12	7	434.9730406491574	2.377450980392157	0.008516311645507812
200	204	12	21	433.3653454945706	2.4166666666666665	0.008842706680297852
200	204	12	69	425.14728435490423	2.372549019607843	0.008383035659790039
200	204	12	67	440.55638312337567	2.3872549019607843	0.008630037307739258
200	204	12	107	434.67978295141444	2.3970588235294117	0.008959770202636719
200	204	12	1	438.92995217309675	2.426470588235294	0.009796857833862305
200	204	12	173	430.9265523847446	2.357843137254902	0.008475303649902344
200	204	12	172	448.8766643319801	2.446078431372549	0.009230852127075195
200	204	12	174	428.62916594079087	2.3970588235294117	0.008876562118530273
200	204	12	183	441.6094440974079	2.377450980392157	0.00843358039855957
200	204	12	36	445.51160986451265	2.485294117647059	0.009134292602539062
200	204	12	196	428.26969813525227	2.343137254901961	0.008701562881469727
200	204	12	170	443.7844167610137	2.4019607843137254	0.00884246826171875
200	204	12	193	449.65447444610265	2.4754901960784315	0.009101390838623047
200	204	12	123	434.7795590569438	2.4166666666666665	0.008761405944824219
200	204	12	142	432.90124387943285	2.3823529411764706	0.008836984634399414
200	204	12	156	423.41596250519433	2.338235294117647	0.008942604064941406
200	204	12	167	435.23368817411	2.4166666666666665	0.008780241012573242
200	204	12	162	446.8301760675674	2.4558823529411766	0.009191513061523438
200	204	12	49	434.2843051847336	2.3823529411764706	0.0088043212890625
200	204	12	13	450.1363560319893	2.485294117647059	0.009215593338012695
200	204	12	15	437.48703031705975	2.4019607843137254	0.008949041366577148
200	204	12	113	435.02705744813306	2.3676470588235294	0.008608818054199219
200	204	12	72	435.730399962038	2.372549019607843	0.008632421493530273
200	204	12	185	419.5614979172772	2.3480392156862746	0.008343696594238281
200	204	12	32	449.97304064915744	2.4411764705882355	0.009770870208740234
200	204	12	93	425.99762019661017	2.357843137254902	0.009474754333496094
200	204	12	42	444.7337997503901	2.426470588235294	0.008862972259521484
200	204	12	35	433.9730406491574	2.3823529411764706	0.008918523788452148
200	204	12	94	427.92169468067476	2.411764705882353	0.008941650390625
200	204	12	38	434.16602015059664	2.406862745098039	0.00899195671081543
200	204	12	56	437.73039996203795	2.372549019607843	0.008884906768798828
200	204	12	195	434.46585055795896	2.3823529411764706	0.008487701416015625
200	204	12	54	445.20203011173885	2.4411764705882355	0.008700847625732422
200	204	12	157	439.7973390276926	2.426470588235294	0.008858442306518555
200	204	12	145	437.7802880148027	2.4019607843137254	0.008496522903442383
200	204	12	6	427.6340236448607	2.3333333333333335	0.008355140686035156
200	204	12	199	426.5580981289252	2.3627450980392157	0.008243560791015625
200	204	12	124	435.99422040825823	2.377450980392157	0.008509635925292969
200	204	12	3	428.39065399988243	2.3676470588235294	0.009439229965209961
200	204	12	99	432.11222168130763	2.3970588235294117	0.008972883224487305
200	204	12	115	430.2935487248462	2.4166666666666665	0.008756160736083984
200	204	12	97	433.2614406428304	2.3970588235294117	0.008530378341674805
200	204	12	98	431.5800068458851	2.3529411764705883	0.008890867233276367
200	204	12	106	440.2901489364941	2.446078431372549	0.00903010368347168
200	204	12	90	435.4583220233961	2.406862745098039	0.009878396987915039
200	204	12	184	437.5834066342371	2.4215686274509802	0.008521556854248047
200	204	12	105	433.91925071726627	2.4362745098039214	0.009132862091064453
200	204	12	177	439.1945015771759	2.411764705882353	0.008744239807128906
200	204	12	175	427.87593537412107	2.372549019607843	0.008576154708862305
200	204	12	161	436.3612167483597	2.4411764705882355	0.008857011795043945
200	204	12	169	429.92655238474464	2.3529411764705883	0.008549213409423828
200	204	12	41	412.21835216676976	2.3333333333333335	0.008846282958984375
200	204	12	116	454.730399962038	2.465686274509804	0.009176015853881836
200	204	12	12	429.46585055795896	2.3872549019607843	0.009014368057250977
200	204	12	192	421.6332946870017	2.372549019607843	0.008859634399414062
200	204	12	164	449.46245076960696	2.446078431372549	0.008806228637695312
200	204	12	95	422.2402608837295	2.3676470588235294	0.008868932723999023
200	204	12	53	439.0728167546867	2.426470588235294	0.008832931518554688
200	204	12	61	435.73379975039	2.3823529411764706	0.008596658706665039
200	204	12	155	444.84795603831617	2.411764705882353	0.008990287780761719
200	204	12	187	410.169922029723	2.284313725490196	0.008260488510131836
200	204	12	24	442.00174894282117	2.4166666666666665	0.00898432731628418
200	204	12	188	424.8014677739035	2.3333333333333335	0.008370161056518555
200	204	12	166	433.9545317205495	2.4166666666666665	0.008589744567871094
200	204	12	110	432.95113193219754	2.4019607843137254	0.010010957717895508
200	204	12	73	443.7084912450782	2.4362745098039214	0.008655309677124023
200	204	12	74	431.160935579442	2.426470588235294	0.008644342422485352
200	204	12	64	430.02705744813306	2.3333333333333335	0.008382320404052734
200	204	12	120	444.5792778880261	2.465686274509804	0.009299755096435547
200	204	12	131	443.3906539998825	2.4313725490196076	0.008684635162353516
200	204	12	132	427.75157972113885	2.3284313725490198	0.008377552032470703
200	204	12	125	422.6374234332127	2.338235294117647	0.008593320846557617
200	204	12	151	443.7058204145853	2.426470588235294	0.00904083251953125
200	204	12	137	440.61284388575984	2.392156862745098	0.00879526138305664
200	204	12	139	440.36947424078164	2.4411764705882355	0.009285926818847656
200	204	12	117	444.9976201966101	2.4705882352941178	0.010158300399780273
200	204	12	2	453.21908112462876	2.485294117647059	0.01005697250366211
200	204	12	91	440.3334642796393	2.4705882352941178	0.009031534194946289
200	204	12	147	436.70849124507816	2.4215686274509802	0.008921384811401367
200	204	12	146	448.022928701922	2.4411764705882355	0.009106159210205078
200	204	12	66	429.4405420526471	2.372549019607843	0.008734941482543945
200	204	12	112	424.4118337589834	2.3823529411764706	0.008708715438842773
200	204	12	92	437.315457441806	2.4166666666666665	0.009262323379516602
200	204	12	148	425.2511892066446	2.3823529411764706	0.008549213409423828
200	204	12	119	427.9976201966103	2.3676470588235294	0.008955240249633789
200	204	12	135	424.1725928602159	2.3529411764705883	0.008620738983154297
200	204	12	11	433.4836305287078	2.372549019607843	0.008650541305541992
200	204	12	10	420.2224809129807	2.343137254901961	0.008494377136230469
200	204	12	47	423.99834915446917	2.3186274509803924	0.00829625129699707
200	204	12	48	430.8301760675673	2.357843137254902	0.008652687072753906
200	204	12	85	435.8513558266682	2.3970588235294117	0.008996725082397461
200	204	12	81	433.2696981352523	2.357843137254902	0.008720874786376953
200	204	12	45	424.91829489232276	2.377450980392157	0.008699178695678711
200	204	12	100	453.169193071864	2.485294117647059	0.009299516677856445
200	204	12	57	444.9265523847447	2.426470588235294	0.008690118789672852
200	204	12	149	437.09399651378754	2.4215686274509802	0.008841991424560547
200	204	12	17	431.9199796751252	2.377450980392157	0.008867979049682617
200	204	12	20	436.2183521667697	2.480392156862745	0.009610176086425781
200	204	12	60	442.00174894282117	2.406862745098039	0.008744955062866211
200	204	12	8	426.4069760549134	2.411764705882353	0.009017705917358398
200	204	12	0	436.26144064283034	2.411764705882353	0.009604692459106445
200	204	12	50	440.2942776827051	2.426470588235294	0.00929403305053711
200	204	12	5	436.44127101050606	2.406862745098039	0.008989572525024414
200	204	12	71	431.7019185354588	2.4019607843137254	0.00842142105102539
200	204	12	68	445.32031514587595	2.3970588235294117	0.008455276489257812
200	204	12	58	432.4510203559175	2.4166666666666665	0.008923530578613281
200	204	12	14	434.1438845665523	2.3970588235294117	0.00879526138305664
200	204	12	136	435.7084912450782	2.406862745098039	0.008821725845336914
200	204	12	77	443.73379975039006	2.4215686274509802	0.008779048919677734
200	204	12	182	419.16262036224447	2.323529411764706	0.008335113525390625
200	204	12	197	427.09326755592855	2.392156862745098	0.008870840072631836
200	204	12	179	437.73379975039006	2.4019607843137254	0.008649587631225586
200	204	12	76	425.95916627205935	2.3823529411764706	0.008762359619140625
200	204	12	89	424.0180709978521	2.392156862745098	0.009120702743530273
200	204	12	65	437.90124387943297	2.4166666666666665	0.008987665176391602
200	204	12	128	443.4658505579591	2.4558823529411766	0.009059667587280273
200	204	12	9	432.04823720723385	2.357843137254902	0.008726119995117188
200	204	12	165	437.1022540062095	2.3823529411764706	0.00836944580078125
200	204	12	79	433.62745093524114	2.3676470588235294	0.008223295211791992
200	204	12	144	422.78368780315475	2.338235294117647	0.008294343948364258
200	204	12	143	442.11857606124033	2.450980392156863	0.008872747421264648
200	204	12	62	444.29014893649423	2.465686274509804	0.009151697158813477
200	204	12	31	439.36194570621865	2.4166666666666665	0.008777618408203125
200	204	12	150	438.85548457287916	2.3823529411764706	0.008498430252075195
200	204	12	190	434.035850968601	2.4362745098039214	0.008925914764404297
200	204	12	194	438.61211492790085	2.4215686274509802	0.00915217399597168
200	204	12	114	411.84161019578124	2.299019607843137	0.008696317672729492
200	204	12	39	445.84891186325973	2.4215686274509802	0.008853673934936523
200	204	12	134	433.461721811748	2.4166666666666665	0.008581161499023438
200	204	12	55	443.0334070051924	2.465686274509804	0.008835315704345703
200	204	12	186	441.0874238041681	2.4362745098039214	0.008873701095581055
200	204	12	83	423.318857230158	2.357843137254902	0.008700370788574219
200	204	12	19	432.8839697139829	2.4215686274509802	0.00903010368347168
200	204	12	28	442.1044748170579	2.465686274509804	0.008942127227783203
200	204	12	121	433.09812525999854	2.3627450980392157	0.008477449417114258
200	204	12	52	440.5130677802306	2.372549019607843	0.008725166320800781
200	204	12	129	441.3728740291337	2.446078431372549	0.008771657943725586
200	204	12	178	432.4911590632707	2.377450980392157	0.008593082427978516
200	204	12	70	449.68391169762543	2.4411764705882355	0.009071588516235352
200	204	12	101	445.5082100761606	2.465686274509804	0.009123802185058594
200	204	12	102	452.90124387943297	2.4901960784313726	0.009820222854614258
200	204	12	109	427.9299521730967	2.372549019607843	0.008745670318603516
200	204	12	127	429.36534549457065	2.3970588235294117	0.008600711822509766
200	204	12	130	438.7836878031547	2.4166666666666665	0.008670568466186523
200	204	12	140	427.56295583299516	2.3088235294117645	0.008758783340454102
200	204	12	63	433.5792778880262	2.411764705882353	0.009475469589233398
200	204	12	122	430.5335185814725	2.377450980392157	0.008748054504394531
200	204	12	159	439.8472270804573	2.4362745098039214	0.008992433547973633
200	204	12	87	447.92655238474464	2.450980392156863	0.009081125259399414
200	204	12	80	436.4419999683651	2.3480392156862746	0.008861303329467773
200	204	12	82	435.77543031073293	2.4411764705882355	0.009182929992675781
200	204	12	75	425.5663556213473	2.3186274509803924	0.009646892547607422
200	204	12	86	432.1691930718639	2.392156862745098	0.008781194686889648
200	204	12	78	445.3195861880169	2.4558823529411766	0.008832454681396484
200	204	12	84	429.7754303107326	2.411764705882353	0.009084224700927734
200	204	12	16	441.9730406491573	2.4215686274509802	0.008893966674804688
200	204	12	40	418.5841355920961	2.3088235294117645	0.008135795593261719
200	204	12	126	442.72967100417907	2.446078431372549	0.00872039794921875
