100	230	-1	92	9280.211978128023	9370.0	4.930434782608696
100	230	-1	95	7798.1182818659245	7899.0	4.560869565217391
100	230	-1	53	9323.970125275722	9370.0	4.991304347826087
100	230	-1	10	9091.911756018431	9145.0	4.926086956521739
100	230	-1	106	8849.122965285715	8941.0	4.856521739130435
100	230	-1	2	8780.862132516837	8838.0	4.782608695652174
100	230	-1	102	8446.321390289673	8523.0	4.760869565217392
100	230	-1	13	8668.172817784569	8741.0	4.769565217391304
100	230	-1	155	8931.881737817888	9003.0	4.8304347826086955
100	230	-1	131	8426.572060949897	8491.0	4.734782608695652
100	230	-1	21	8631.743136993153	8674.0	4.782608695652174
100	230	-1	25	8926.362108345878	9018.0	4.869565217391305
100	230	-1	164	8654.900785150836	8697.0	4.7956521739130435
100	230	-1	133	9206.664517120435	9277.0	4.934782608695652
100	230	-1	134	8136.575328729492	8180.0	4.6521739130434785
100	230	-1	6	9369.14527076193	9437.0	4.960869565217391
100	230	-1	104	8427.242480938812	8486.0	4.730434782608696
100	230	-1	74	9880.448570032975	9986.0	5.139130434782609
100	230	-1	16	8593.712328186552	8657.0	4.8130434782608695
100	230	-1	59	8999.02470173038	9085.0	4.891304347826087
100	230	-1	107	9017.224418543155	9062.0	4.878260869565217
100	230	-1	85	8732.394835757596	8810.0	4.843478260869565
100	230	-1	136	8540.501132566167	8594.0	4.756521739130434
100	230	-1	126	9083.593890311886	9136.0	4.904347826086957
100	230	-1	4	8518.626977367165	8574.0	4.71304347826087
100	230	-1	93	9398.175390449578	9513.0	4.960869565217391
100	230	-1	69	9565.928713760772	9674.0	4.982608695652174
100	230	-1	117	8622.787653355812	8693.0	4.804347826086956
100	230	-1	166	8131.923229938847	8199.0	4.656521739130435
100	230	-1	94	8962.625501857701	9050.0	4.852173913043479
100	230	-1	101	8614.08969045087	8671.0	4.769565217391304
100	230	-1	9	8928.641500406722	9063.0	4.856521739130435
100	230	-1	14	8988.396055497662	9067.0	4.8478260869565215
100	230	-1	80	8664.761344958768	8718.0	4.826086956521739
100	230	-1	67	10324.194173779488	10423.0	5.221739130434782
100	230	-1	114	8968.977957171175	9058.0	4.852173913043479
100	230	-1	149	9694.39917995694	9776.0	5.078260869565217
100	230	-1	84	9995.050565372645	10081.0	5.160869565217391
100	230	-1	98	8822.893669366345	8887.0	4.839130434782609
100	230	-1	66	8027.566181456141	8121.0	4.647826086956521
100	230	-1	52	9145.2571198942	9224.0	4.913043478260869
100	230	-1	71	8658.554952895429	8714.0	4.765217391304348
100	230	-1	33	9031.726094405245	9136.0	4.913043478260869
100	230	-1	8	8847.523111727562	8935.0	4.8478260869565215
100	230	-1	90	9296.810656606682	9441.0	4.960869565217391
100	230	-1	139	9350.864339734573	9409.0	4.952173913043478
100	230	-1	124	9497.74533115447	9580.0	4.956521739130435
100	230	-1	137	8858.28384302316	8930.0	4.817391304347826
100	230	-1	97	9455.53429778297	9508.0	5.0
100	230	-1	141	9058.085465538283	9181.0	4.926086956521739
100	230	-1	86	8909.356773383173	8985.0	4.8826086956521735
100	230	-1	118	9529.810068324141	9609.0	4.960869565217391
100	230	-1	72	9158.007154357712	9262.0	4.921739130434783
100	230	-1	41	8521.572668086068	8595.0	4.769565217391304
100	230	-1	125	8897.936439688021	8959.0	4.856521739130435
100	230	-1	70	8957.916329676595	9036.0	4.826086956521739
100	230	-1	23	9011.365660501984	9057.0	4.8826086956521735
100	230	-1	96	8533.4984296537	8590.0	4.739130434782608
100	230	-1	116	8585.467763647464	8658.0	4.791304347826087
100	230	-1	99	7883.346466232148	7917.0	4.595652173913043
100	230	-1	64	9203.751113291848	9276.0	4.947826086956522
100	230	-1	3	9734.030487868651	9840.0	5.052173913043478
100	230	-1	157	8153.759405165454	8185.0	4.673913043478261
100	230	-1	127	9481.707695609906	9541.0	5.021739130434782
100	230	-1	68	8455.211755824388	8505.0	4.734782608695652
100	230	-1	17	8510.743355936856	8592.0	4.747826086956522
100	230	-1	24	8804.763189561763	8866.0	4.826086956521739
100	230	-1	121	9165.674439042548	9244.0	4.895652173913043
100	230	-1	100	8716.538361031531	8766.0	4.791304347826087
100	230	-1	115	9262.061503501667	9313.0	4.934782608695652
100	230	-1	185	8782.792573577102	8885.0	4.8130434782608695
100	230	-1	22	8896.667212571423	8967.0	4.8130434782608695
100	230	-1	91	9175.457767776315	9219.0	4.934782608695652
100	230	-1	1	9081.732000767022	9182.0	4.913043478260869
100	230	-1	158	9262.485943374479	9323.0	4.943478260869565
100	230	-1	58	8736.221886627703	8833.0	4.839130434782609
100	230	-1	56	9229.614389562192	9305.0	4.9
100	230	-1	184	8912.966152214485	8989.0	4.821739130434783
100	230	-1	129	9658.265935783895	9749.0	4.960869565217391
100	230	-1	167	8329.60365572295	8406.0	4.678260869565217
100	230	-1	73	9132.113261932654	9209.0	4.856521739130435
100	230	-1	190	8843.009458866085	8930.0	4.834782608695652
100	230	-1	37	8771.67412183778	8821.0	4.8304347826086955
100	230	-1	57	8718.517379207342	8792.0	4.773913043478261
100	230	-1	54	8434.929578023315	8512.0	4.695652173913044
100	230	-1	79	9489.709282155274	9563.0	4.917391304347826
100	230	-1	75	9938.302439600073	10011.0	5.082608695652174
100	230	-1	187	8389.793421703589	8451.0	4.717391304347826
100	230	-1	147	8965.839730105397	9042.0	4.826086956521739
100	230	-1	169	9473.974271935838	9575.0	4.969565217391304
100	230	-1	109	8470.381793312985	8547.0	4.743478260869566
100	230	-1	183	8544.876661084658	8593.0	4.726086956521739
100	230	-1	108	8746.300245783525	8818.0	4.843478260869565
100	230	-1	198	9529.841881641436	9585.0	5.030434782608696
100	230	-1	77	9088.308031477	9153.0	4.891304347826087
100	230	-1	151	9471.337405388107	9544.0	5.026086956521739
100	230	-1	105	9304.597801426413	9375.0	4.943478260869565
100	230	-1	159	8758.373400743687	8838.0	4.852173913043479
100	230	-1	20	9173.166445306973	9262.0	4.956521739130435
100	230	-1	140	9570.005610015985	9623.0	5.030434782608696
100	230	-1	88	9910.481238283659	9980.0	5.086956521739131
100	230	-1	87	9621.550790699157	9689.0	4.969565217391304
100	230	-1	112	8238.984150062784	8303.0	4.682608695652174
100	230	-1	177	10033.146138408276	10124.0	5.147826086956521
100	230	-1	172	10006.000351375003	10105.0	5.1
100	230	-1	142	9242.25067458451	9332.0	4.956521739130435
100	230	-1	180	9014.37080862622	9068.0	4.886956521739131
100	230	-1	153	8968.666134144622	9048.0	4.852173913043479
100	230	-1	122	8455.153458051524	8525.0	4.769565217391304
100	230	-1	161	8731.377256131611	8810.0	4.843478260869565
100	230	-1	110	8550.666825348073	8661.0	4.752173913043478
100	230	-1	150	8703.929398414035	8787.0	4.8130434782608695
100	230	-1	197	8860.723598458757	8928.0	4.843478260869565
100	230	-1	89	9942.043503071905	10016.0	5.104347826086957
100	230	-1	168	8959.291426162776	9015.0	4.821739130434783
100	230	-1	128	8780.981281730727	8845.0	4.839130434782609
100	230	-1	182	9318.58991222533	9416.0	4.973913043478261
100	230	-1	76	8720.505320961069	8786.0	4.826086956521739
100	230	-1	145	9052.128708760272	9151.0	4.856521739130435
100	230	-1	34	9026.282041396837	9136.0	4.913043478260869
100	230	-1	199	8407.886395354632	8454.0	4.756521739130434
100	230	-1	144	9044.346904265587	9137.0	4.8826086956521735
100	230	-1	179	9847.599109330988	9921.0	5.091304347826087
100	230	-1	61	8968.062268017275	9048.0	4.886956521739131
100	230	-1	82	8639.59308031587	8724.0	4.773913043478261
100	230	-1	31	9222.591011072602	9294.0	4.947826086956522
100	230	-1	189	8730.020904963809	8799.0	4.769565217391304
100	230	-1	111	9385.223171618947	9503.0	4.943478260869565
100	230	-1	192	9444.240846427827	9543.0	4.995652173913044
100	230	-1	196	9588.619361260486	9642.0	5.008695652173913
100	230	-1	65	8454.343841794667	8525.0	4.743478260869566
100	230	-1	132	9219.17127805561	9313.0	4.934782608695652
100	230	-1	103	9271.734822667793	9407.0	4.908695652173913
100	230	-1	43	9175.42570052926	9232.0	4.930434782608696
100	230	-1	46	8261.929513653713	8311.0	4.708695652173913
100	230	-1	48	8788.392482029503	8851.0	4.821739130434783
100	230	-1	7	8780.900491978053	8890.0	4.817391304347826
100	230	-1	148	8755.68728523862	8801.0	4.8304347826086955
100	230	-1	138	8435.263359573852	8510.0	4.7043478260869565
100	230	-1	49	10218.118841446361	10329.0	5.1
100	230	-1	40	9071.56941932224	9187.0	4.8826086956521735
100	230	-1	135	9171.600217435092	9246.0	4.939130434782609
100	230	-1	119	9441.13198895799	9588.0	4.930434782608696
100	230	-1	30	8803.081149440794	8890.0	4.834782608695652
100	230	-1	152	9655.405384601381	9748.0	5.078260869565217
100	230	-1	156	9463.47606722647	9559.0	4.978260869565218
100	230	-1	178	9139.478673887956	9209.0	4.978260869565218
100	230	-1	12	9185.763531002865	9279.0	4.8304347826086955
100	230	-1	63	9060.289517509493	9120.0	4.886956521739131
100	230	-1	50	9358.54690303974	9451.0	4.934782608695652
100	230	-1	81	9236.144825924666	9313.0	4.960869565217391
100	230	-1	160	9451.582198602871	9529.0	5.01304347826087
100	230	-1	28	9338.719273166435	9408.0	4.965217391304348
100	230	-1	171	10060.336869500401	10163.0	5.1173913043478265
100	230	-1	191	10064.03568821571	10179.0	5.082608695652174
100	230	-1	19	8453.208159076863	8501.0	4.691304347826087
100	230	-1	78	9338.025941190688	9403.0	4.98695652173913
100	230	-1	181	9909.561304738867	9989.0	5.108695652173913
100	230	-1	15	8835.03574825104	8908.0	4.834782608695652
100	230	-1	38	8631.331716824274	8739.0	4.839130434782609
100	230	-1	188	9420.511284567518	9529.0	5.030434782608696
100	230	-1	173	9177.777647658237	9268.0	4.921739130434783
100	230	-1	60	9170.187256055906	9243.0	4.908695652173913
100	230	-1	29	9610.319516530026	9688.0	4.965217391304348
100	230	-1	123	10086.857423901709	10171.0	5.1521739130434785
100	230	-1	113	9987.853510704937	10075.0	5.082608695652174
100	230	-1	176	9050.13810593597	9130.0	4.895652173913043
100	230	-1	5	8637.16793201069	8712.0	4.782608695652174
100	230	-1	174	8875.739085921818	8930.0	4.852173913043479
100	230	-1	62	10076.655419139626	10151.0	5.143478260869565
100	230	-1	44	10690.640805018065	10791.0	5.282608695652174
100	230	-1	163	9871.522910249549	9972.0	5.052173913043478
100	230	-1	146	9117.108414760205	9198.0	4.921739130434783
100	230	-1	175	9879.81760345405	9941.0	5.073913043478261
100	230	-1	194	8271.685476609335	8343.0	4.708695652173913
100	230	-1	0	9179.211736633546	9291.0	4.934782608695652
100	230	-1	120	9787.224538137301	9888.0	5.052173913043478
100	230	-1	47	9201.372798001767	9278.0	4.939130434782609
100	230	-1	18	9779.045028225963	9885.0	4.98695652173913
100	230	-1	39	9304.536463291317	9361.0	4.934782608695652
100	230	-1	35	8907.926723957271	8968.0	4.843478260869565
100	230	-1	186	9990.019579858168	10065.0	5.056521739130435
100	230	-1	162	9708.12365402647	9776.0	5.008695652173913
100	230	-1	36	8952.50430082294	9009.0	4.873913043478261
100	230	-1	51	9620.451484250576	9727.0	5.065217391304348
100	230	-1	195	8888.546133587955	8984.0	4.878260869565217
100	230	-1	42	8897.328164479872	8949.0	4.8130434782608695
100	230	-1	165	8175.0864929326945	8249.0	4.7
100	230	-1	11	8830.516605388046	8910.0	4.843478260869565
100	230	-1	26	9586.166344276959	9711.0	5.030434782608696
100	230	-1	193	8925.193491219974	8959.0	4.8130434782608695
100	230	-1	83	8267.58384348257	8334.0	4.695652173913044
