100	230	3	92	9325.0	4.943478260869565	0.023847341537475586	6
100	230	3	10	9126.0	4.930434782608696	0.025098800659179688	6
100	230	3	4	8555.0	4.717391304347826	0.016078472137451172	4
100	230	3	95	7842.0	4.565217391304348	0.021808862686157227	6
100	230	3	9	8994.0	4.878260869565217	0.023560047149658203	6
100	230	3	53	9374.0	4.991304347826087	0.02100229263305664	5
100	230	3	134	8179.0	4.665217391304348	0.019368886947631836	5
100	230	3	106	8882.0	4.860869565217391	0.019983291625976562	5
100	230	3	2	8810.0	4.8	0.01625990867614746	4
100	230	3	21	8678.0	4.782608695652174	0.02646350860595703	7
100	230	3	102	8510.0	4.765217391304348	0.020314455032348633	5
100	230	3	13	8710.0	4.756521739130434	0.02303147315979004	6
100	230	3	25	8971.0	4.8826086956521735	0.028037548065185547	7
100	230	3	155	8999.0	4.8478260869565215	0.022763729095458984	6
100	230	3	71	8717.0	4.7956521739130435	0.02452874183654785	6
100	230	3	131	8475.0	4.743478260869566	0.019879579544067383	5
100	230	3	85	8776.0	4.852173913043479	0.024243593215942383	6
100	230	3	164	8687.0	4.804347826086956	0.024806499481201172	6
100	230	3	104	8495.0	4.752173913043478	0.02013564109802246	5
100	230	3	136	8581.0	4.760869565217392	0.016257047653198242	4
100	230	3	133	9250.0	4.947826086956522	0.0172579288482666	4
100	230	3	6	9405.0	4.943478260869565	0.026862621307373047	7
100	230	3	74	9947.0	5.143478260869565	0.025894641876220703	6
100	230	3	126	9116.0	4.895652173913043	0.024089574813842773	6
100	230	3	101	8652.0	4.773913043478261	0.016753673553466797	4
100	230	3	59	9033.0	4.908695652173913	0.024395227432250977	6
100	230	3	16	8640.0	4.817391304347826	0.020221233367919922	5
100	230	3	115	9315.0	4.952173913043478	0.023418426513671875	6
100	230	3	94	9030.0	4.886956521739131	0.023189306259155273	6
100	230	3	107	9062.0	4.878260869565217	0.02742910385131836	7
100	230	3	1	9125.0	4.9	0.017122268676757812	4
100	230	3	93	9447.0	4.978260869565218	0.020184993743896484	5
100	230	3	117	8662.0	4.817391304347826	0.01624274253845215	4
100	230	3	69	9605.0	5.004347826086956	0.025099754333496094	6
100	230	3	114	9004.0	4.886956521739131	0.03037571907043457	8
100	230	3	56	9278.0	4.904347826086957	0.020889759063720703	5
100	230	3	166	8167.0	4.665217391304348	0.024189472198486328	6
100	230	3	149	9743.0	5.082608695652174	0.020319700241088867	5
100	230	3	14	9049.0	4.873913043478261	0.02059340476989746	5
100	230	3	91	9200.0	4.947826086956522	0.023742198944091797	6
100	230	3	75	10006.0	5.104347826086957	0.021152496337890625	5
100	230	3	80	8708.0	4.843478260869565	0.02120041847229004	5
100	230	3	67	10365.0	5.239130434782608	0.030312538146972656	7
100	230	3	70	8998.0	4.834782608695652	0.021086692810058594	5
100	230	3	3	9780.0	5.052173913043478	0.026962995529174805	7
100	230	3	23	9073.0	4.891304347826087	0.016778945922851562	4
100	230	3	118	9579.0	4.969565217391304	0.016205549240112305	4
100	230	3	121	9203.0	4.908695652173913	0.023596763610839844	6
100	230	3	52	9196.0	4.895652173913043	0.024190425872802734	6
100	230	3	84	10037.0	5.1695652173913045	0.0221560001373291	5
100	230	3	66	8079.0	4.665217391304348	0.020258665084838867	5
100	230	3	125	8957.0	4.873913043478261	0.02480459213256836	6
100	230	3	98	8869.0	4.856521739130435	0.019814491271972656	5
100	230	3	90	9363.0	4.978260869565218	0.018488407135009766	4
100	230	3	161	8774.0	4.852173913043479	0.02546381950378418	6
100	230	3	141	9104.0	4.904347826086957	0.02445697784423828	6
100	230	3	57	8764.0	4.773913043478261	0.031001567840576172	8
100	230	3	33	9073.0	4.917391304347826	0.020047903060913086	5
100	230	3	110	8596.0	4.773913043478261	0.027159929275512695	7
100	230	3	139	9381.0	4.960869565217391	0.02096390724182129	5
100	230	3	89	10001.0	5.091304347826087	0.028355836868286133	7
100	230	3	8	8898.0	4.860869565217391	0.019924163818359375	5
100	230	3	179	9887.0	5.082608695652174	0.028555870056152344	7
100	230	3	97	9503.0	4.995652173913044	0.02411055564880371	6
100	230	3	137	8901.0	4.8130434782608695	0.026586055755615234	7
100	230	3	22	8926.0	4.817391304347826	0.022940635681152344	6
100	230	3	124	9548.0	4.982608695652174	0.020277976989746094	5
100	230	3	96	8583.0	4.743478260869566	0.02259516716003418	6
100	230	3	116	8644.0	4.791304347826087	0.019421100616455078	5
100	230	3	72	9208.0	4.939130434782609	0.0213625431060791	5
100	230	3	41	8552.0	4.782608695652174	0.027669668197631836	7
100	230	3	86	8945.0	4.8826086956521735	0.028249502182006836	7
100	230	3	58	8777.0	4.8478260869565215	0.020502090454101562	5
100	230	3	64	9238.0	4.956521739130435	0.0394282341003418	9
100	230	3	128	8836.0	4.834782608695652	0.02055835723876953	5
100	230	3	73	9160.0	4.860869565217391	0.016870737075805664	4
100	230	3	68	8494.0	4.747826086956522	0.03066730499267578	8
100	230	3	82	8689.0	4.78695652173913	0.020203113555908203	5
100	230	3	158	9301.0	4.952173913043478	0.030925512313842773	8
100	230	3	99	7918.0	4.591304347826087	0.022467374801635742	6
100	230	3	24	8849.0	4.839130434782609	0.016495943069458008	4
100	230	3	17	8558.0	4.765217391304348	0.02048659324645996	5
100	230	3	148	8793.0	4.8478260869565215	0.020053625106811523	5
100	230	3	127	9525.0	5.039130434782609	0.03500533103942871	9
100	230	3	157	8177.0	4.673913043478261	0.02915501594543457	8
100	230	3	199	8450.0	4.756521739130434	0.023141145706176758	6
100	230	3	153	8996.0	4.852173913043479	0.03663897514343262	10
100	230	3	187	8444.0	4.730434782608696	0.02373790740966797	6
100	230	3	7	8838.0	4.834782608695652	0.01965951919555664	5
100	230	3	185	8822.0	4.826086956521739	0.023593902587890625	6
100	230	3	100	8753.0	4.78695652173913	0.019983530044555664	5
100	230	3	103	9312.0	4.930434782608696	0.02796339988708496	7
100	230	3	178	9184.0	4.982608695652174	0.029317140579223633	7
100	230	3	132	9264.0	4.956521739130435	0.019908666610717773	5
100	230	3	46	8307.0	4.7	0.023274660110473633	6
100	230	3	37	8802.0	4.852173913043479	0.030194997787475586	7
100	230	3	156	9506.0	4.991304347826087	0.01976943016052246	5
100	230	3	167	8372.0	4.695652173913044	0.024646759033203125	6
100	230	3	129	9713.0	4.960869565217391	0.024163007736206055	6
100	230	3	184	8962.0	4.834782608695652	0.03600049018859863	10
100	230	3	190	8887.0	4.839130434782609	0.024265289306640625	6
100	230	3	142	9280.0	4.965217391304348	0.020766496658325195	5
100	230	3	87	9678.0	4.982608695652174	0.021411895751953125	5
100	230	3	168	9004.0	4.843478260869565	0.01682591438293457	4
100	230	3	122	8511.0	4.778260869565218	0.01629805564880371	4
100	230	3	147	9014.0	4.834782608695652	0.0194852352142334	5
100	230	3	112	8286.0	4.695652173913044	0.023444652557373047	6
100	230	3	169	9543.0	4.995652173913044	0.02295684814453125	5
100	230	3	54	8470.0	4.7043478260869565	0.028926849365234375	7
100	230	3	183	8587.0	4.752173913043478	0.0182497501373291	4
100	230	3	177	10098.0	5.156521739130435	0.01739215850830078	4
100	230	3	172	10054.0	5.130434782608695	0.02193140983581543	5
100	230	3	79	9532.0	4.939130434782609	0.02019190788269043	5
100	230	3	76	8766.0	4.843478260869565	0.022010326385498047	5
100	230	3	119	9510.0	4.973913043478261	0.01641702651977539	4
100	230	3	81	9281.0	4.969565217391304	0.02413320541381836	6
100	230	3	198	9576.0	5.026086956521739	0.03124713897705078	8
100	230	3	192	9497.0	5.01304347826087	0.034917593002319336	9
100	230	3	77	9142.0	4.913043478260869	0.024808883666992188	6
100	230	3	108	8804.0	4.852173913043479	0.016942977905273438	4
100	230	3	140	9619.0	5.056521739130435	0.020949602127075195	5
100	230	3	109	8515.0	4.752173913043478	0.0237123966217041	6
100	230	3	159	8814.0	4.852173913043479	0.01658010482788086	4
100	230	3	28	9385.0	4.969565217391304	0.023899078369140625	6
100	230	3	19	8489.0	4.708695652173913	0.016505956649780273	4
100	230	3	151	9522.0	5.034782608695652	0.023760557174682617	6
100	230	3	182	9365.0	4.978260869565218	0.033956050872802734	8
100	230	3	88	9967.0	5.1	0.021043062210083008	5
100	230	3	61	9014.0	4.878260869565217	0.020554542541503906	5
100	230	3	78	9381.0	4.995652173913044	0.02116250991821289	5
100	230	3	105	9336.0	4.956521739130435	0.02352428436279297	6
100	230	3	180	9062.0	4.878260869565217	0.02337503433227539	5
100	230	3	20	9226.0	4.939130434782609	0.027901172637939453	7
100	230	3	144	9110.0	4.886956521739131	0.01652669906616211	4
100	230	3	49	10271.0	5.108695652173913	0.024689435958862305	6
100	230	3	196	9629.0	5.021739130434782	0.02395319938659668	6
100	230	3	29	9649.0	4.978260869565218	0.02350592613220215	6
100	230	3	173	9215.0	4.917391304347826	0.01732468605041504	4
100	230	3	150	8756.0	4.808695652173913	0.04079890251159668	11
100	230	3	197	8906.0	4.852173913043479	0.02351522445678711	6
100	230	3	34	9088.0	4.921739130434783	0.031155109405517578	8
100	230	3	48	8837.0	4.8130434782608695	0.0168149471282959	4
100	230	3	145	9095.0	4.8652173913043475	0.01723933219909668	4
100	230	3	111	9423.0	4.969565217391304	0.038214921951293945	10
100	230	3	181	9970.0	5.113043478260869	0.02750849723815918	6
100	230	3	43	9210.0	4.947826086956522	0.02439594268798828	6
100	230	3	40	9119.0	4.8826086956521735	0.02822279930114746	7
100	230	3	31	9280.0	4.965217391304348	0.02010488510131836	5
100	230	3	189	8794.0	4.8	0.020033597946166992	5
100	230	3	135	9223.0	4.952173913043478	0.02370762825012207	6
100	230	3	65	8506.0	4.747826086956522	0.01883840560913086	4
100	230	3	138	8474.0	4.721739130434782	0.016724348068237305	4
100	230	3	12	9238.0	4.843478260869565	0.026424407958984375	7
100	230	3	152	9691.0	5.091304347826087	0.023973941802978516	6
100	230	3	30	8837.0	4.839130434782609	0.026211023330688477	7
100	230	3	63	9104.0	4.913043478260869	0.028176307678222656	7
100	230	3	50	9403.0	4.934782608695652	0.023772716522216797	6
100	230	3	160	9489.0	5.030434782608696	0.02827596664428711	7
100	230	3	188	9455.0	5.030434782608696	0.024660825729370117	6
100	230	3	191	10126.0	5.113043478260869	0.025179147720336914	6
100	230	3	120	9819.0	5.082608695652174	0.02407550811767578	6
100	230	3	38	8666.0	4.843478260869565	0.030930757522583008	7
100	230	3	123	10128.0	5.156521739130435	0.027624130249023438	7
100	230	3	171	10106.0	5.130434782608695	0.034061431884765625	8
100	230	3	5	8695.0	4.78695652173913	0.016356706619262695	4
100	230	3	44	10738.0	5.28695652173913	0.02572774887084961	6
100	230	3	62	10123.0	5.1347826086956525	0.03922557830810547	10
100	230	3	60	9221.0	4.917391304347826	0.022718191146850586	5
100	230	3	174	8915.0	4.8652173913043475	0.02444601058959961	6
100	230	3	15	8879.0	4.8304347826086955	0.020917892456054688	5
100	230	3	113	10014.0	5.078260869565217	0.02117156982421875	5
100	230	3	176	9086.0	4.895652173913043	0.018870830535888672	4
100	230	3	163	9927.0	5.056521739130435	0.022127151489257812	5
100	230	3	146	9162.0	4.939130434782609	0.01990509033203125	5
100	230	3	194	8318.0	4.721739130434782	0.022155284881591797	5
100	230	3	175	9946.0	5.086956521739131	0.030226707458496094	7
100	230	3	36	9014.0	4.886956521739131	0.021876811981201172	5
100	230	3	0	9220.0	4.947826086956522	0.01759815216064453	4
100	230	3	18	9818.0	5.026086956521739	0.020720481872558594	5
100	230	3	39	9338.0	4.939130434782609	0.017786741256713867	4
100	230	3	51	9674.0	5.069565217391304	0.024467945098876953	6
100	230	3	186	10030.0	5.069565217391304	0.021155595779418945	5
100	230	3	47	9250.0	4.956521739130435	0.02467179298400879	6
100	230	3	165	8217.0	4.691304347826087	0.025615215301513672	6
100	230	3	35	8956.0	4.860869565217391	0.028637409210205078	7
100	230	3	195	8940.0	4.869565217391305	0.02804875373840332	7
100	230	3	26	9658.0	5.043478260869565	0.021420955657958984	5
100	230	3	193	8952.0	4.826086956521739	0.025605440139770508	6
100	230	3	162	9755.0	5.021739130434782	0.021316051483154297	5
100	230	3	42	8946.0	4.834782608695652	0.025667190551757812	6
100	230	3	11	8875.0	4.8478260869565215	0.026403188705444336	6
100	230	3	83	8318.0	4.71304347826087	0.025903701782226562	7
